timestamp,0,1,2,3,4,5,6,7,8,9,10,11,12,13,14,15,16,17,18,19,20,21,22,23,24,25,26,27,28,29,30,31,32,33,34,35,36,37,38,39,40,41,42,43,44,45,46,47,48,49,50,51,52,53,54,55,56,57,58,59,60,61,62,63,64,65,66,67,68,69,70,71,72,73,74,75,76,77,78,79,80,81,82,83,84,85,86,87,88,89,90,91,92,93,94,95,96,97,98,99,100,101,102,103,104,105,106,107,108,109,110,111,112,113,114,115,116,117,118,119,120,121,122,123,124,125,126,127,128,129,130,131,132,133,134,135,136,137,138,139
199101,2457167.1522319997,44.393730000000005,1.0,22337883.202109087,0.0713132765752744,2.0,9.0,220.533,497.492,0.08333333333333333,0.16666666666666666,0.25,0.3333333333333333,0.4166666666666667,0.5,0.5833333333333334,0.6666666666666666,0.75,0.8333333333333334,1.0,16.115867645000037,189.25832925400957,2244.602618777328,1462.2576628601373,10.784775120648153,464.04790250653167,376.3675560742453,16.666666666666668,0.0,0.0,0.0,0.0,0.0,0.0,0.0,0.0,0.0,0.0,0.0,196.55924999999996,0.8371140531179537,0.07670291073493307,0.721374523371798,0.1139528709738028,0.721374523371798,0.11395287097380281,0.0679415523032422,0.44487061675334233,0.19758199651697167,0.2737818447381543,0.19758199651697164,0.44487061675334233,0.06794155230324218,-30.138141571292522,-48.40861970754428,-101.42844072129145,35.76227227068979,-45.93913476436299,18.45984288312563,76.19039693187233,-27.75077111078749,119.63813459272261,184.56948488569856,-83.17131485723951,364.8702420245251,889.819,0.023660603403394573,50.0,406.9318333333333,148.03680555555556,200.40290909090908,21.43036363636363,378.788,118.31,174.55299999999994,-40.33900000000003,0.0,65.19,3.0,0.0,824.6289999999999,3.0,33.333333333333336,452.5084853929997,2204.4978307126125,0.7359198877087262,28.021909090909084,11.647433569938618,-2.867274560758618,-17966.443627981687,0.6685092334729585,3.136321847946781,1.0,50.0,0.0,1.163494208679968,-0.006867034164031565,16.016040051491636,0.5969982303666751,197.9151645848263,2204.432,39170.412372638886,66.7325161950075,159.34424804917413,398.8775704800984,634.053817775649,775.2350060649683,844.4444063801496,871.4897486974141,875.4155775941757,866.9648776747699,268.15892216167157,281.8404721733866,439.6834265244105,661.7492678858105,800.4509602466406,868.9110979783462,895.4515517198872,898.8497967293561,889.8262881389091,2.0890074866821355,259.7228885123383,232.4724980907651,184.98161889263716,189.44088711661564,199.32994037830278,204.7440859297577,205.76466993357207,203.90812535517182,200.4063969573834,67455.97881719249,54043.46236856078,34218.19932814086,35887.84971153031,39732.425131217744,41920.140723212004,42339.09939287186,41578.523585860465,40162.72394144033,0.0
199102,2502453.090989,47.192755000000005,1.0,22749573.554445457,0.06728877578155976,2.0,9.0,220.533,497.492,0.08333333333333333,0.16666666666666666,0.25,0.3333333333333333,0.4166666666666667,0.5,0.5833333333333334,0.6666666666666666,0.75,0.8333333333333334,1.0,117.86165455680566,401.12721203594407,1541.4551595115336,1425.9313993328124,132.99009963571743,351.5671538918454,87.59057819037211,16.666666666666668,0.0,0.0,0.0,0.0,0.0,0.0,0.0,0.0,0.0,0.0,0.0,193.37399999999997,0.8674452782187156,0.0531601037959486,0.7892962981984055,0.29839163794405393,0.7892962981984057,0.29839163794405393,0.24041265221761293,0.4925568053643919,0.31178863851244676,0.010826244890355422,0.31178863851244676,0.4925568053643919,0.24041265221761282,-9.926425387378696,-62.949708129791,-0.5619337006479939,-107.990047877631,-57.41730946287618,50.91317101040988,109.37989843554831,-32.62077714517133,130.55890779740426,332.9982617987754,-134.7336605455369,27.2181262355264,889.819,0.03992553281093997,50.0,412.20841666666666,143.6396527777778,192.3722727272727,29.461,394.4655,118.31,172.41500000000002,-40.33900000000003,0.0,65.19,2.0,0.0,824.6289999999999,3.0,33.333333333333336,456.6593452261945,2116.161813144141,0.6768547751295314,23.6609055944056,11.857425304924371,-2.875163878173425,-17967.31173288444,0.6919850756897101,3.057808095625443,1.0,50.0,0.0,1.1565099446688356,-0.00675903841461032,16.37183627224628,0.593025949191225,196.52475368659387,2116.095,38621.97881157639,56.00103884403976,191.82993901664906,435.8698919036506,668.5939101199268,806.9631070832069,873.7702633262479,898.8272532252491,901.0958373908134,891.244478498329,248.9197103901021,343.91080358685053,483.4504477409819,694.5311575827336,830.8715466857254,898.0556941978537,923.413801587923,925.6629770980385,915.551207284474,2.103523458631755,242.53846265918452,285.4398628794199,209.14533882651008,188.0311468979516,197.88398343106633,207.4356690831347,211.66628881948546,211.84484654329611,209.56453112657027,58824.90586908065,81475.915320622,43741.7727528557,35355.71220375905,39158.07089854653,43029.55680796777,44802.617822613836,44878.239006952674,43917.292706299246,0.0
199103,2562275.1142650004,47.87156,1.0,23293410.129681822,0.05871846629125852,2.0,9.0,253.124,497.492,0.08333333333333333,0.16666666666666666,0.25,0.3333333333333333,0.4166666666666667,0.5,0.5833333333333334,0.6666666666666666,0.75,0.8333333333333334,1.0,1.3646896701388598,279.48826844680104,1912.6031698954532,1428.3391711945815,50.48441399766191,340.38605439989783,153.43961050790296,16.666666666666668,0.0,0.0,0.0,0.0,0.0,0.0,0.0,0.0,0.0,0.0,0.0,193.37399999999997,1.4647224977601638,0.10308011384612892,0.8446937471717716,0.18343464497023523,0.8446937471717717,0.18343464497023523,0.011395831980639832,0.4399803235811054,0.19052679832256858,0.11341804385122892,0.19052679832256858,0.4399803235811054,0.01139583198063987,-8.372806545937669,-52.462121115547674,-82.58432294027558,-119.27490064464666,-67.66833058576083,59.51176285379635,124.61457570484401,2.2752959104102266,158.12881582386257,321.0685268498495,-191.61171824956185,28.13835120933784,889.819,0.07452317337801324,50.0,427.86958333333337,130.58868055555556,170.5443636363636,-17.119090909090918,394.4655,118.31,136.13700000000003,-41.76400000000001,0.0,220.533,2.0,0.0,669.286,2.0,33.333333333333336,462.085410058303,1876.0571569429114,1.28909713182644,1.7687097902097948,10.276929712761405,-3.46156276715124,-18993.50657586988,0.6876861146594876,3.6100313697161353,1.0,50.0,0.0,1.338500901276782,-0.007571864719151276,15.341636597398034,0.5722717092247279,174.50084769682272,1875.9879999999996,30450.54584690972,59.87217380925936,210.65163272357634,472.7475508113366,710.0369358080353,848.1781227442757,913.4155177831873,936.6268555012348,937.1005094455764,925.5979714200304,229.65762443409014,339.4327174341115,502.7481522737131,722.9238038559846,862.3818035882342,930.2898548200156,955.3558867139718,956.8833963033366,945.8835052503539,2.093694349659762,221.71591567603673,266.1587107265078,171.07149913564024,135.891044480283,155.87253529115407,176.38397278074237,188.2418758749186,193.567738318784,194.8435290375862,49157.947264063434,70840.45929559688,29265.457816515354,18466.37596994225,24296.247258092073,31111.305853917667,35435.00383290827,37468.46931784924,37964.000807820696,0.0
199104,2427703.976025,46.15939,1.0,22070036.14568182,0.054953555728820935,2.0,9.0,245.546,497.492,0.08333333333333333,0.16666666666666666,0.25,0.3333333333333333,0.4166666666666667,0.5,0.5833333333333334,0.6666666666666666,0.75,0.8333333333333334,1.0,4.405221050756134,294.53509659868297,2643.4495841870785,976.9706668474207,51.648935636859584,461.9220406918433,92.23910966399342,16.666666666666668,0.0,0.0,0.0,0.0,0.0,0.0,0.0,0.0,0.0,0.0,0.0,247.29874999999998,1.3310673353319054,0.09962364838600575,0.8550354326009911,0.2896850141378877,0.8550354326009911,0.2896850141378877,0.1076522764440854,0.2043822224169928,0.41704245842773435,0.08679383367427203,0.41704245842773435,0.2043822224169928,0.10765227644408537,-7.320326963417343,-32.063087056314714,-163.2196113394932,-56.62900954625519,-106.90957319115351,112.25018905739262,126.50769079725849,59.92135696497569,351.57167080000244,-159.565824565364,-24.21872838695999,-15.110276082607783,889.819,0.08708542314082299,41.66666666666667,411.54558333333335,139.2106111111111,167.4365454545454,-14.011272727272734,373.5835,122.18400000000001,136.13700000000003,-40.33900000000003,0.0,220.533,2.0,0.0,669.286,2.0,33.333333333333336,449.7873549453675,1841.924882328032,1.331854421610705,-4.627171328671322,9.858103507930927,-3.285502620822127,-18960.53488510229,0.6316971944571264,3.6739386513711194,2.0,41.66666666666667,0.0,1.3419091084304324,-0.007787261053064093,14.546479993233344,0.52766743259967,181.49076424869773,1841.8019999999995,32938.89750757638,47.145381904732034,193.34852260465877,461.0026202264994,696.3853423301463,831.7840179099695,895.2227825438871,917.5042175360787,917.6181889114065,906.0991730637006,226.64353504589232,315.9557703513304,486.774529399069,712.7832530225235,849.9615210427793,915.1722832307277,938.4074026808833,938.8771751450307,927.3489828506281,2.0915849027097346,221.68582485841443,249.88877050579597,156.28828048189362,152.01125213975294,174.84260008047852,190.0433571796808,196.9631036762702,198.66355827695907,197.38395215258123,49144.6049431556,62444.397624898374,24426.026615987048,23107.42077709554,30569.934802902146,36116.47760812374,38794.46420978917,39467.20938726271,38960.42456737247,0.0
199105,2350295.544309,45.033879999999996,1.0,21366323.130081818,0.050966922797693576,2.0,9.0,245.546,497.492,0.08333333333333333,0.16666666666666666,0.25,0.3333333333333333,0.4166666666666667,0.5,0.5833333333333334,0.6666666666666666,0.75,0.8333333333333334,1.0,1.617830726682091,474.8643526484212,2838.8216560224805,767.5397257624415,150.3007400702855,264.24927348430674,176.99162503498118,16.666666666666668,0.0,0.0,0.0,0.0,0.0,0.0,0.0,0.0,0.0,0.0,0.0,247.29874999999998,1.3177438059448097,0.07876372518966146,0.9182410138190191,0.29568161119445086,0.9182410138190191,0.2956816111944509,0.14920134074441171,0.24275689252247226,0.4667850345516251,0.28134063458992653,0.466785034551625,0.24275689252247226,0.14920134074441171,-6.030264680282492,-33.40109104671792,-63.49609343360059,42.86284619771584,-96.04251113088522,77.12941092747238,241.9089294455128,200.0359362444286,-118.13134573114169,30.35920103954865,-71.1942425678352,-145.73498193576933,889.819,0.0915660918488919,41.66666666666667,402.1504166666667,145.47405555555557,167.40181818181816,-6.452545454545461,344.0475,94.71250000000002,136.13700000000003,-34.96699999999993,0.0,220.533,2.0,0.0,669.286,2.0,33.333333333333336,442.55842781010284,1841.5429927947328,1.3897181118227586,-9.959954545454547,10.26547834224562,-3.0046296823368164,-18693.896141279278,0.6656854573989783,3.6831453692017253,2.0,41.66666666666667,0.0,1.3370010227197473,-0.007577753995416536,14.870234153440544,0.4506186480573596,184.75119593814915,1841.4199999999998,34133.004400576385,45.08386328668532,173.25634780813198,433.6967626316514,673.1590434908742,813.1939492750179,880.0991763154439,904.8333963505669,906.7018797777972,896.4717559521055,249.03907464847126,272.11769504353435,464.6977152384683,698.4956444283135,836.6515851832072,902.2968719547391,926.0030526960572,926.9693181377528,915.9264938497627,2.090407336458659,244.92428620476636,209.8339293345896,166.88644232135107,186.421746187982,196.7269067821512,198.90974080769433,196.8709690409297,192.77919487377105,187.7757516722218,59987.90597291431,44030.27789999355,27851.084630677633,34753.06745177638,38701.4758520732,39565.084988184135,38758.178451114705,37163.817976179394,35259.7329160679,0.0
199106,2237336.696769,42.631875,1.0,20339424.516081817,0.044352067174194904,2.0,9.0,220.533,497.492,0.08333333333333333,0.16666666666666666,0.25,0.3333333333333333,0.4166666666666667,0.5,0.5833333333333334,0.6666666666666666,0.75,0.8333333333333334,1.0,12.77350776001548,1401.448880840074,1685.8264177581282,1325.271314024376,50.0758481837113,435.43739442917655,105.27136665226494,16.666666666666668,0.0,0.0,0.0,0.0,0.0,0.0,0.0,0.0,0.0,0.0,0.0,255.00424999999998,0.843117407972894,0.02849589978574585,0.7708966966948998,0.23127129900023297,0.7708966966948998,0.23127129900023297,0.05769354214677243,0.3565846154021218,0.7316469466661233,0.20346954935616768,0.7316469466661234,0.3565846154021218,0.057693542146772504,-3.7414075283140256,-30.648439333293492,63.84485203978859,-35.68976027055446,-83.06911492592113,143.03278572541277,387.8922507651231,-214.0248579765037,78.29003817872801,-62.84910962621816,-156.3913440589016,-114.82054155624859,889.819,0.06946004418121043,41.66666666666667,382.5779166666667,159.6362361111111,166.43263636363633,-37.22027272727273,308.5585,84.36400000000002,136.13700000000003,-40.33900000000003,0.0,123.036,2.0,0.0,766.7829999999999,2.0,33.333333333333336,431.79245562046356,1830.8821791198807,1.1615301871274275,-22.706234265734246,10.026713060790408,-2.692140726358134,-18649.732643813342,0.7013861918132209,3.502556296046847,2.0,41.66666666666667,0.0,1.2680683010959355,-0.007700547568736357,14.049350644681937,0.35023923579781346,200.19705894378933,1830.7589999999998,40078.86240974306,53.93050657983679,154.74314537492992,395.78282232179413,633.3594101692638,776.3879737035553,846.7566926385207,874.4880740840076,878.8082095652002,870.5752040449347,252.94017089766655,243.71623078477143,453.27129736828164,676.6932341057793,809.0107055335042,872.8069404983162,896.4145031313745,897.9827236428349,887.7993712311506,2.0845307198054104,247.12391732445278,188.2874401212393,220.93172378117254,238.26369978362496,227.42039476772098,211.64843220280517,197.05220046757285,184.57817520446872,174.0302779993951,61070.23051378297,35452.160107409276,48810.82657292032,56769.590634581364,51720.035956306056,44795.058853905415,38829.56970911252,34069.102761811555,30286.53766054675,0.0
199107,1984387.890713,38.971425,2.0,18039889.915572725,0.041853854593125045,2.0,9.0,174.825,389.261,0.08333333333333333,0.16666666666666666,0.25,0.3333333333333333,0.4166666666666667,0.5,0.5833333333333334,0.6666666666666666,0.75,0.8333333333333334,1.0,5.894442050015536,2476.863361149315,930.3488455864511,1341.7850413314952,138.84720186306325,388.4109009581867,80.72561810070125,8.333333333333334,0.0,0.0,0.0,0.0,0.0,0.0,0.0,0.0,0.0,0.0,0.0,177.02600000000004,1.4773226925847212,0.1865365048831881,0.7685154309770577,0.2496051574793115,0.7685154309770577,0.2496051574793115,0.18540694227823595,0.5649767620532391,0.18726327739361215,0.006166148684260926,0.1872632773936121,0.5649767620532391,0.18540694227823595,-13.086933010115153,-30.417805579356905,128.0949340090509,34.85576193433843,-21.476015748800016,241.23786080224156,-66.92739848481204,-43.29754062157529,-69.85274731384348,-95.44956808313304,106.55414041561994,-55.1266645289578,889.819,0.05322655842888908,50.0,352.7750833333334,154.52461111111114,167.9619090909091,-29.33336363636364,273.9,77.68200000000002,136.13700000000003,-40.33900000000003,0.0,123.036,3.0,0.0,766.7829999999999,2.0,33.333333333333336,406.6517644858026,1847.6995365061246,1.447112369299116,-23.88395454545453,11.82880205583164,-2.127920717595355,-17009.548049453293,0.7635811483933428,3.121776454321219,1.0,50.0,0.0,1.1589265757722944,-0.0067737589427151555,15.716120796841121,0.17473739188905157,202.2755500266317,1847.5810000000001,40915.398138576384,40.7145792000369,132.02482502691183,366.16065204018486,591.3014031365019,725.132817744875,790.4155607153124,815.8463205319498,819.5148277047734,811.5646222290462,219.14511577061106,251.04598116050542,455.496963361577,649.2612723903975,765.4635745864936,821.1657207072634,840.9609957892749,841.0244269184349,830.5982521475315,2.077735175202366,215.32975829336374,213.5264157743818,270.93146832570886,268.1470687417672,245.18743982535136,222.6126282217108,203.98572919047078,188.9908300566385,176.794571231019,46366.90480667845,45593.53023345416,73403.86052912458,71902.85047480204,60116.880648110295,49556.382243777625,41610.17771336808,35717.53384549721,31256.32041675985,0.0
199108,1888413.7267699998,38.000035,2.0,17167397.516090907,0.04360963857318446,2.0,9.0,174.825,389.261,0.08333333333333333,0.16666666666666666,0.25,0.3333333333333333,0.4166666666666667,0.5,0.5833333333333334,0.6666666666666666,0.75,0.8333333333333334,0.953509509058145,10.338766543765441,2617.220418147142,644.2971900885631,1482.4093818061451,212.58292559928995,332.1241799357855,105.2136835102949,8.333333333333334,0.0,0.0,0.0,0.0,0.0,0.0,0.0,0.0,0.0,0.0,0.0,149.96825000000004,2.141945294368279,0.15840243072311538,0.8158304790337523,0.264107252647082,0.8158304790337523,0.264107252647082,0.2346899322498311,0.3496438948151087,0.08163651788799897,0.028078412697172705,0.08163651788799897,0.3496438948151087,0.2346899322498311,-5.254621536146066,-31.3876744506185,77.34666078887673,18.909507560850564,64.7328613892503,-58.70553657349895,-6.918733867269146,-206.8015938133767,9.596350528253513,180.72954932986212,52.40851076816504,80.21838526205885,889.819,0.04915617086690221,41.66666666666667,343.7558333333333,142.49894444444442,165.94518181818182,11.671727272727269,273.9,77.68200000000002,136.13700000000003,-7.578000000000003,0.0,123.036,3.0,0.0,766.7829999999999,2.0,33.333333333333336,396.69611866536667,1825.5157551081961,1.6478845920829135,-15.902608391608382,11.190400875594523,-2.16315226530055,-17000.53042128799,0.789475549201606,3.349981418144044,2.0,41.66666666666667,0.0,1.2331500709587333,-0.007102079549694242,15.17679706942479,0.13182038662804885,197.9892361050777,1825.397,39199.73761347221,28.400694899792544,127.25923972591823,360.9841144869158,574.404492412843,699.0987089281354,759.0053272528198,781.6084817740389,783.9722166421362,775.60196556854,195.5048889358461,320.126871829348,464.5264266533632,627.5882716051125,733.6321707633984,785.5586285647831,804.0700522085899,803.985857893338,793.9646951185548,2.0942574023706237,193.43102679515096,293.74529778640726,292.36154013043455,252.8369390580354,222.43461321033274,202.51733781190913,188.72421698766271,178.27176788740852,169.76904341168088,37415.56212702641,86286.29997162509,85475.27014743967,63926.51775223671,49477.157154030334,41013.27211442292,35616.8300776064,31780.82322570206,28821.52810091719,0.0
199109,1884431.2857619997,38.804935,2.0,17131193.50692727,0.03778187026850928,2.0,9.0,174.825,389.261,0.08333333333333333,0.16666666666666666,0.25,0.3333333333333333,0.4166666666666667,0.5,0.5833333333333334,0.6666666666666666,0.75,0.8333333333333334,0.90701901811629,21.722544608395086,2809.121900654532,591.8514209140159,1144.7279112140056,71.7557563779938,489.3867303249809,241.45307973015102,8.333333333333334,0.0,0.0,0.0,0.0,0.0,0.0,0.0,0.0,0.0,0.0,0.0,149.96825000000004,2.1352944466359167,0.011313402906231246,0.8279789303077989,0.2521102542054998,0.8279789303077989,0.2521102542054998,0.09701866624994407,0.4402332130662091,0.19517131293229584,0.22623828132669047,0.19517131293229578,0.4402332130662091,0.0970186662499441,1.3404437101962898,14.306373980685752,83.35705206297422,-35.97804333314019,-99.19335064232403,2.7158317280271764,58.85640623201848,-197.2832463783861,60.52196757071989,231.23323611187232,-108.43661818396704,105.84391343540057,889.819,0.03785507701752548,50.0,343.11016666666666,142.9293888888889,174.6540909090909,2.96281818181818,270.026,77.68200000000002,136.13700000000003,-7.578000000000003,0.0,123.036,2.0,0.0,766.7829999999999,3.0,33.333333333333336,396.27760532253984,1921.305034780403,1.6487690385540574,-23.15589510489511,11.231376646231196,-2.151988213996552,-16964.296104189463,0.7282168108325039,3.3443597315311,2.0,50.0,0.0,1.2320553038397548,-0.007081006296223953,15.216691523121709,0.13160263926599836,198.27091065039997,1921.195,39311.35401013889,40.42690965262502,155.15833682824197,375.1827650582583,573.1460029606536,688.1669492699383,742.6616295534651,762.3440739545314,763.1963862530966,754.1190870699393,215.8453385560104,352.46345807653387,470.57471390404265,616.9416547567655,716.3065404549568,765.6614514348622,783.2910977215224,783.0800180181376,773.2860179847331,2.1115259130508277,212.02564739270866,316.4749275882094,284.0395292368852,228.29950649145593,198.79967261304725,186.25563669948684,179.93458999368573,175.3442061475104,171.10133876590862,44954.87515229723,100156.37979196239,80678.45416911134,52120.66466424233,39521.30983105477,34691.16220233123,32376.456676195787,30745.590629500617,29275.66812748622,0.0
199110,1896089.3197889999,38.544675000000005,2.0,17237175.634445455,0.031365392507578756,2.0,9.0,174.825,389.261,0.08333333333333333,0.16666666666666666,0.25,0.3333333333333333,0.4166666666666667,0.5,0.5833333333333334,0.6666666666666666,0.75,0.8333333333333334,0.860528527174435,9.147481306311791,2130.008018015655,527.438204541472,937.9912636913306,42.26201849750771,199.3167935092944,86.74110841098933,8.333333333333334,0.0,0.0,0.0,0.0,0.0,0.0,0.0,0.0,0.0,0.0,0.0,143.71500000000003,2.1802782909406666,0.15458982458497295,0.9284717107261785,0.22227962436043575,0.9284717107261785,0.22227962436043575,0.021132512478750844,0.41556425200129593,0.14446968525801043,0.052262138012351834,0.14446968525801043,0.41556425200129593,0.021132512478750844,12.684832987710251,-57.39671376411455,68.64685502328666,50.38395690867019,-35.123779437980424,-48.619336404679295,68.03838276705707,-115.63484194599923,-28.949274264019184,269.1011960606593,-74.6946995310445,57.38140736849177,889.819,0.02841822253089045,50.0,345.19458333333336,141.53977777777777,165.3742727272727,-7.694818181818187,270.026,77.68200000000002,136.13700000000003,-7.578000000000003,0.0,123.036,2.0,0.0,766.7829999999999,3.0,33.333333333333336,397.50150102326654,1819.288170864181,1.6565552483068158,-32.48005244755243,11.272546332534867,-2.1785434884346926,-16948.292228137896,0.7280353497083969,3.336058363126486,2.0,50.0,0.0,1.2406622051105634,-0.007059833314696351,15.384574403051078,0.13168082901784772,197.09932255864396,1819.117,38848.14295307638,52.95971094272617,178.90712631126505,377.7383745276872,562.9015381151014,671.8858733099179,723.6807994011165,742.265778663041,742.8110466079328,733.8260552590505,230.90956475097812,360.90833091096033,467.66969275939914,600.4913355579386,694.9677425142694,743.2332119043054,761.0920967872706,761.5476967466742,752.5406518642163,2.1172110259504144,224.75430165037787,313.4438761181661,275.732954024091,209.1212625913726,177.62189161797858,169.35674729915922,168.23404417000017,167.8887830005088,166.78355234003294,50514.49611034904,98247.06347598023,76028.66193485148,43731.70246780982,31549.536381948925,28681.707855751272,28302.693617793568,28186.64345739193,27816.75333116051,0.0
199111,1869392.2212519997,35.107004999999994,2.0,16994474.738654543,0.02709810398175466,2.0,9.0,174.825,389.261,0.08333333333333333,0.16666666666666666,0.25,0.3333333333333333,0.4166666666666667,0.5,0.5833333333333334,0.6666666666666666,0.75,0.8333333333333334,0.81403803623258,343.3198583733949,579.5224822549669,218.96425961731495,294.30906322617295,231.38042239114205,62.83872977237864,1.660996133888885,8.333333333333334,0.0,0.0,0.0,0.0,0.0,0.0,0.0,0.0,0.0,0.0,0.0,143.71500000000003,2.236054218510959,0.025485754853067366,0.5942289256894987,0.25135701997652127,0.5942289256894987,0.25135701997652127,0.1765660480121266,0.34729173141599656,0.16700210727956982,0.00013652690243261728,0.1670021072795698,0.34729173141599656,0.17656604801212655,-20.18746240767819,-31.429332410695647,120.51683374317146,55.99441514860416,-40.797070149596536,-0.39228126958026627,27.524444645954176,-87.15057351744525,84.18782949165264,196.17505652127403,-32.194516173078945,104.83340890026665,889.819,0.019971280867169455,50.0,341.5895,143.94316666666666,118.26081818181818,-54.808272727272715,270.026,59.84050000000002,136.13700000000003,-7.578000000000003,0.0,123.036,3.0,0.0,766.7829999999999,2.0,33.333333333333336,394.69315310039684,1301.051358202014,1.6932253608791061,-35.403146853146836,11.75717193911813,-2.1108305091079917,-16555.029956327384,0.7534066022675409,3.139107615492095,2.0,50.0,0.0,1.1803312080536335,-0.00681059728845353,15.761669645980422,0.1473578685304654,197.73542574380377,1300.869,39099.29859408333,70.8487066580047,173.08221435698792,356.83385136997555,534.2154883634513,640.0507867428131,690.9667011971875,709.7219200203931,710.9093310368304,702.7644646924535,220.58428147063054,338.87771296478945,434.9857951346234,561.8919436118623,655.1407106837825,704.0542602231201,723.2063833026966,725.123666863605,717.5634302703379,2.114097750233329,208.89683098793608,291.3428417132089,248.7614208139411,174.17338570664427,139.80107719598445,135.12001766948288,139.00456500537584,142.87146422741912,144.9806319025524,43637.88599680234,84880.6514175279,61882.24448537069,30336.368288515474,19544.341185157606,18257.419175001367,19322.269092333754,20412.255290486704,21019.383626863393,0.0
199112,1092752.225787,29.899350000000005,1.0,9934111.143518182,0.03801960264313218,2.0,9.0,123.036,286.928,0.08333333333333333,0.16666666666666666,0.25,0.3333333333333333,0.4166666666666667,0.5,0.5833333333333334,0.6666666666666666,0.75,0.8333333333333334,0.7675475452907251,73.72426814075597,27.051733264568657,242.3466773741264,29.651617236021917,447.3935580039893,19.47012199235688,0.03751009777949255,16.666666666666668,0.0,0.0,0.0,0.0,0.0,0.0,0.0,0.0,0.0,0.0,0.0,84.64550000000003,0.4567958280084534,0.20191950999969815,0.6171666425945347,0.24255787782321941,0.6171666425945347,0.2425578778232194,0.31650522656573116,0.197973962288007,0.19565314011272394,0.1714457029954779,0.1956531401127239,0.197973962288007,0.31650522656573116,-18.906924581359164,-40.7460798205004,-122.14112646272432,80.80541620398463,8.296411103214538,18.97048792334635,-112.66157632164274,101.87261181511838,243.47826337844864,-44.0125211740192,147.56891632792318,16.636450142667616,561.676,0.02507525199393228,50.0,277.6909166666666,87.59990277777779,103.32890909090911,-39.876363636363635,253.124,56.051500000000004,136.13700000000003,-7.578000000000003,0.0,123.036,3.0,0.0,438.64000000000004,3.0,41.66666666666667,301.76594486828697,1136.8018852407658,0.864795409867568,-18.889527972027977,12.063769298573968,-2.8996089857020824,-11903.244169980007,0.8860840393730702,2.572578354731863,2.0,50.0,0.0,1.0210699157729912,-0.006652918646447671,16.531115992278963,0.38628780659599704,118.11198196235803,1136.6180000000002,13950.440283076388,53.31098977948107,138.40815779331476,300.0624306581314,450.4320326782691,538.5533984527477,580.3520084427537,595.3504748219167,595.8191191322609,588.6205804480788,147.8468827727558,220.7015627214447,322.8109929467232,456.15011064572826,543.7386774643609,587.3968491918889,604.0428440154133,605.6403344003094,599.1450195916598,2.0969113350744664,137.9008307239411,171.90800343191898,119.03560339152072,71.99935679874459,74.91319233411467,90.70063250617793,102.10567827279307,108.62684718325978,111.80593353868703,19016.639114353064,29552.361643948665,14169.474874783418,5183.907379432929,5611.986385688057,8226.60473702074,10425.569535547127,11799.791928975274,12500.5667744573,0.0
199201,807836.0774360001,26.633969999999998,1.0,7343964.340327274,0.04596885352078374,2.0,9.0,123.036,286.928,0.08333333333333333,0.16666666666666666,0.25,0.3333333333333333,0.4166666666666667,0.5,0.5833333333333334,0.6666666666666666,0.75,0.8333333333333334,0.7210570543488701,16.19898929191348,33.662866829417844,248.64419427655696,41.60753744133063,339.951722035679,49.150899607152844,5.35227703128257,16.666666666666668,0.0,0.0,0.0,0.0,0.0,0.0,0.0,0.0,0.0,0.0,0.0,112.10300000000001,-0.7337601974541248,0.0074595085100113145,0.5440789157364548,0.34179686568410084,0.5440789157364548,0.34179686568410084,0.4012885321958547,0.08370532967390587,0.13748636102902173,0.6516400918629552,0.1374863610290217,0.08370532967390587,0.4012885321958547,-23.05505595532821,2.1254731629353185,-9.543323169129044,-106.42349497840267,40.49403431939125,-147.12094729889526,80.51117701681974,367.45645521472954,-77.1468862609377,7.648678282363798,49.30454823848901,-56.50125598890845,389.261,0.04946185967905952,33.333333333333336,245.4533333333333,64.34855555555558,92.36290909090911,-19.494181818181822,249.33499999999998,56.051500000000004,51.78899999999999,-7.578000000000003,0.0,123.036,4.0,0.0,266.225,3.0,33.333333333333336,259.4603498025598,1016.1826389455632,0.24070162183772514,-9.937496503496492,7.51468777164256,-6.314811150198353,-10468.675998562901,0.40657742762123467,4.073267168672897,2.0,33.333333333333336,0.0,1.553772719361926,-0.008992446288869539,13.479119951103845,0.9999999999999999,84.09717162439068,1015.9920000000002,7072.3342752222225,35.435718363712056,112.91540452098302,263.830538719514,403.4389570325548,485.25805213168974,524.2753206745367,538.5522315306156,539.4065189878761,533.1627082625182,100.05351727264689,151.3466183190652,271.950483194733,409.3630257981334,492.7011629792703,532.9673930162862,547.9712493598779,549.1819812952658,543.063912990071,2.072649700519006,93.56824345190803,100.77653644812155,65.95841226727475,69.39088440917591,85.31740058442821,95.86255864615856,101.16315553806976,103.15743236808407,103.22761311908918,8755.01618267553,10155.91029847957,4350.512148819781,4815.094839087612,7279.0588424837915,9189.63015018819,10233.984038419694,10641.45585277584,10655.940110264353,0.0
199202,669559.9613150001,24.871669999999998,1.0,6086908.7392272735,0.04783658185953188,2.0,9.0,123.036,253.124,0.08333333333333333,0.16666666666666666,0.25,0.3333333333333333,0.4166666666666667,0.5,0.5833333333333334,0.6666666666666666,0.75,0.8333333333333334,0.7675475452907251,0.08681713001542815,151.9129092337233,197.80360229773746,117.09130601532243,229.80151016834105,99.07728453137113,18.421044934199248,16.666666666666668,0.0,0.0,0.0,0.0,0.0,0.0,0.0,0.0,0.0,0.0,0.0,99.69725,-0.5443657572466956,0.1416935337194599,0.7023231852578423,0.2719856350653553,0.7023231852578423,0.2719856350653553,0.3632068871250954,0.1637556628379192,0.27851531652907124,0.21041416948436423,0.2785153165290712,0.1637556628379192,0.3632068871250954,-20.75993693097029,-35.74917140776447,-120.58708055638579,69.9208551621761,48.673308037695215,26.06971330242377,236.78308333302112,29.18312063330451,13.78714560053352,26.389048904107938,-200.56973391299815,-11.728614873858826,389.261,0.049005442110763374,41.66666666666667,222.6065833333333,67.03515277777778,85.41636363636364,-12.547636363636364,245.546,56.051500000000004,51.78899999999999,-7.578000000000003,0.0,115.1,4.0,0.0,274.16100000000006,4.0,33.333333333333336,236.21317372855535,939.7753373412825,0.30523537398444445,-8.414374125874128,10.528603458461669,-3.541740471591054,-9666.129249389738,0.8930071081545604,3.115105767223641,2.0,41.66666666666667,0.0,1.238179035754628,-0.007442432507076853,15.799569761768748,0.39647606715616723,79.01248318826836,939.58,6242.97249957639,28.3693910122451,96.49595860897006,236.96250336019443,369.93288751050704,448.9132496910511,487.1949038126511,501.76219818764343,503.38026585967765,498.09998738154883,93.49365793717983,115.56100310071277,252.05303813309078,384.3833142836241,462.0190715406626,499.16606908749975,512.841384686596,513.7449901750124,507.87641517895776,2.062872837339824,89.08558653378635,63.583609600107515,85.90405132117554,104.40397999023745,109.26351961709747,108.66411655762079,106.02349889137433,102.67532747921365,99.17084080277876,7936.241728068737,4042.8754097788847,7379.5060333911615,10900.191037801902,11938.516719115845,11807.890227248196,11240.982317169255,10542.222872963766,9834.855665530087,0.0
199203,638666.8244390001,23.864569999999997,1.0,5806062.040354546,0.04638447657108491,2.0,9.0,123.036,253.124,0.08333333333333333,0.16666666666666666,0.25,0.3333333333333333,0.4166666666666667,0.5,0.5833333333333334,0.6666666666666666,0.75,0.8333333333333334,0.81403803623258,1.4095111722376532,242.5511409438505,142.93282397662634,122.82620988396437,211.50494759167435,109.82979680000926,18.58750615123627,8.333333333333334,0.0,0.0,0.0,0.0,0.0,0.0,0.0,0.0,0.0,0.0,0.0,99.69725,-0.43960576304266974,0.1667584517287474,0.5299261789603438,0.2652174629945979,0.5299261789603438,0.2652174629945979,0.5743754489359597,0.35271787062365423,0.32339159035591103,0.35386544208936244,0.3233915903559109,0.35271787062365423,0.5743754489359597,-24.082446068381326,-57.839769340881446,201.6453830709008,69.03172735831058,119.95712816610057,77.35363069652236,37.06444592244022,20.461608437246582,-48.49416653530131,-159.04298285582018,-33.00492592792166,-38.74124227400175,389.261,0.038471047173379506,41.66666666666667,216.69208333333333,67.86341666666668,90.8229090909091,-5.763272727272726,213.848,56.17799999999998,59.724999999999994,41.382000000000005,0.0,115.1,4.0,0.0,274.16100000000006,4.0,33.333333333333336,230.69944813526683,999.1890983452032,0.5121567331389247,-8.583241258741259,9.810344854335549,-3.551361522336608,-9731.798271271455,0.8481297288721892,3.2663674192441152,1.0,41.66666666666667,0.0,1.2793560368640602,-0.007811822646341716,14.895413381001424,0.3090158894667603,79.16297360872942,999.0520000000001,6266.7763905763895,26.277822597187793,86.95934789673815,225.66705475716188,357.3277015858184,435.2150682450711,472.92418120416954,487.3219382515843,489.01801767458386,483.9544411325005,97.09927845168463,101.75879344293895,244.40510430283894,373.8720418701058,449.27309121064593,485.2608087785543,498.46106398105434,499.27566280989936,493.52846845219216,2.0567166255395963,93.47591088290348,52.84812065094439,93.85219979579414,109.98735096145613,111.50854163877969,108.72337084906131,104.78912540833511,100.68547990591644,96.73907215233916,8737.745915388512,2792.923856336775,8808.23540650966,12097.217371518525,12434.154858407464,11820.771368782516,10980.760803843783,10137.565863884702,9358.448080895483,0.0
199204,584006.488823,22.4882,1.0,5309149.898390909,0.041883202044529555,2.0,9.0,115.1,253.124,0.08333333333333333,0.16666666666666666,0.25,0.3333333333333333,0.4166666666666667,0.5,0.5833333333333334,0.6666666666666666,0.75,0.8333333333333334,0.860528527174435,1.0575992803858247,438.0425900805893,62.956654180618116,26.78325182668038,168.55868628019294,168.93527311660392,22.694794680948227,8.333333333333334,0.0,0.0,0.0,0.0,0.0,0.0,0.0,0.0,0.0,0.0,0.0,138.539,-0.545223154944324,0.1265487342776574,0.5035524304755072,0.5191408391229216,0.5035524304755072,0.5191408391229216,0.5490915328932912,0.17548635233091617,0.060423248241163074,0.33906209320053116,0.06042324824116311,0.17548635233091617,0.5490915328932912,-37.70887790646567,24.08001672279611,-146.2942833196852,-16.39467806829213,203.0869042523133,-33.82216740036146,-4.3254687698301275,-35.44400666368396,-131.44349187195607,-24.40044714869727,-25.163160855479443,257.0352678463669,389.261,0.038690614558214396,50.0,202.48408333333336,74.89443055555556,96.79727272727273,-19.261636363636363,178.4875,65.223,67.05000000000001,-7.578000000000003,0.0,75.05,4.0,0.0,314.211,4.0,33.333333333333336,220.60645367240883,1064.8996859929605,0.5137925842686917,-12.719472027972024,12.103729881721252,-2.9742302677299612,-8532.817248503,0.7773551470364977,2.5600398415124257,1.0,50.0,0.0,1.082074625369812,-0.0066323674894004985,17.38340102531321,0.24661484730368832,87.56371051169766,1064.77,7667.403398576392,27.51928258739432,82.81767537427999,215.36890528483642,339.34610911814895,412.27652478530746,447.40217602310173,460.66411454910553,462.03939902792155,457.10328200617045,75.03485522263158,114.37911131340832,243.71962421743874,360.27528709369227,428.8352577200452,461.4126328030846,473.0438479311531,473.2807161278799,467.494679945208,2.0593437943084014,69.80629329907454,78.89115128102408,114.08544983958608,121.00620115025403,118.01586916498691,112.84019939750044,107.51304866015339,102.53891946200696,98.01971922149085,4872.918584156419,6223.813750445427,13015.48986510071,14642.500716815739,13927.745374767308,12732.91060006766,11559.055632200509,10514.230004435949,9607.865356259903,0.0
199205,532094.171639,21.685629999999996,1.0,4837219.742172726,0.04282881577165857,2.0,9.0,115.1,245.546,0.08333333333333333,0.16666666666666666,0.25,0.3333333333333333,0.4166666666666667,0.5,0.5833333333333334,0.6666666666666666,0.75,0.8333333333333334,0.90701901811629,6.213654611867273,520.44103999573,36.834543897939824,5.622695532098772,139.41294250176696,219.61420891944005,12.925646420138875,8.333333333333334,0.0,0.0,0.0,0.0,0.0,0.0,0.0,0.0,0.0,0.0,0.0,124.40449999999998,0.11487545842762792,0.09777789549875511,0.6217051919159989,0.6413542600293669,0.6217051919159988,0.6413542600293669,0.4224168485838067,0.06451637235310355,0.06889579542352238,0.3165227399886706,0.06889579542352234,0.06451637235310355,0.4224168485838067,-20.297549872196026,75.55933172790627,122.7471856798707,-3.4018351509544935,8.988114632799823,-73.3275533910618,-100.46565820289429,-21.1504105291687,124.72674704136888,-163.92527615718964,69.2551695494308,59.13579977559907,389.261,0.036908796295124925,41.66666666666667,193.10675,67.072,90.92981818181819,4.6694545454545455,174.825,55.75699999999999,67.05000000000001,41.382000000000005,0.0,75.05,4.0,0.0,314.211,4.0,41.666666666666664,210.5734574202472,1000.3596678169791,0.8311700895721376,-9.961269230769226,10.569840696916891,-3.0477096240458104,-8731.025990336038,0.7188828463183999,3.1647655554787635,1.0,41.66666666666667,0.0,1.2924586646176994,-0.007421224784442737,16.013033448416376,0.14802897077785215,83.97001890171377,1000.2280000000001,7050.964074354168,17.03387486694827,81.12331896448104,207.27094761695017,323.4670962165913,391.8112936294933,424.6927276409378,437.0363680824339,438.20722065030213,433.4461535677385,67.01604596029766,144.20456555226943,243.414443994575,344.7007251432758,407.30301022590703,437.56002254343935,448.4413848170563,448.65873946046446,443.2033053566745,2.0655963372695183,64.81510258550765,119.22232947860834,127.62972153522705,119.11182804199848,111.26388598043997,105.33214332346728,100.49322658743957,96.2761458731618,92.48568449448841,4200.99752316988,14213.963846305844,16289.345819159598,14187.627579506616,12379.652323468346,11094.860417115453,10098.888589954471,9269.096264190328,8553.601836414055,0.0
199206,521648.564343,21.410825,1.0,4742259.675845454,0.03476583440752137,2.0,9.0,75.05,245.546,0.08333333333333333,0.16666666666666666,0.25,0.3333333333333333,0.4166666666666667,0.5,0.5833333333333334,0.6666666666666666,0.75,0.8333333333333334,0.953509509058145,0.040734508163580894,460.78195383668356,72.26076523910584,18.059814344170125,119.76700579028551,100.29041762592091,68.65591390008403,8.333333333333334,0.0,0.0,0.0,0.0,0.0,0.0,0.0,0.0,0.0,0.0,0.0,126.3885,-0.11948018033049612,0.11349862479567159,0.6529342113304046,0.4592170146038642,0.6529342113304045,0.4592170146038642,0.31598740183371743,0.043067497180565496,0.1144671466382783,0.18661903413331143,0.11446714663827828,0.043067497180565496,0.31598740183371743,-13.58070155796078,22.916431398965695,-52.274564637259886,36.019679203118095,8.77182489662604,-4.145770229961097,-103.11921253316646,67.98734796464358,65.69012474880103,-41.46385620603487,124.33781267217071,-35.85307096846909,389.261,0.02507866252796201,50.0,188.56208333333333,70.1017777777778,95.84900000000002,-9.66590909090909,174.825,65.223,99.35000000000001,-7.578000000000003,0.0,68.5,4.0,0.0,320.761,5.0,41.666666666666664,208.496315783397,1054.4657354869403,0.6639811862565519,-17.93887062937063,11.49363152019054,-2.6387975926301537,-8547.871616823366,0.8486512935596808,2.9178758438131043,1.0,50.0,0.0,1.1800683131694802,-0.006946132361044865,16.39944612483467,0.15031726423827863,88.96659161866918,1054.3390000000002,7915.054424243058,26.119939196461548,89.94393815635131,208.12367817560138,316.40651594363743,379.5854419515481,409.55430784601646,420.37750487163083,420.8352237244953,415.8246102741086,82.07081544861317,148.58313601557805,241.41850321442735,336.28309066686313,395.0005528392707,423.2010138351019,433.09396886573853,432.92171706842703,427.41053918213,2.0745728748115164,77.80339018817544,118.2668013313551,122.34144137189645,113.90010420041936,109.27181247594207,106.60378527908138,104.17840114812304,101.58212235540857,98.84160305430494,6053.3675247734745,13987.036297150216,14967.428276953176,12973.233736866388,11940.329001777449,11364.367035828489,10853.139265779244,10318.927582229198,9769.662494344784,0.0
199207,504996.986218,19.522645,1.0,4590881.6928909095,0.029218079409132278,2.0,9.0,75.05,245.546,0.08333333333333333,0.16666666666666666,0.25,0.3333333333333333,0.4166666666666667,0.5,0.5833333333333334,0.6666666666666666,0.75,0.8333333333333334,1.0,42.032529844999985,285.86297935680665,89.70006708509261,5.081707975308638,39.65608045842594,28.695517787329116,140.7210024272222,8.333333333333334,0.0,0.0,0.0,0.0,0.0,0.0,0.0,0.0,0.0,0.0,0.0,130.20299999999997,-0.2084135465504744,0.059914772664660026,0.48938033635734624,0.4597327266163078,0.4893803363573462,0.4597327266163078,0.38204562825801364,0.025953973834546604,0.13716412728253224,0.2441056363811942,0.1371641272825322,0.025953973834546604,0.38204562825801364,-29.41642421030119,34.48302139168698,115.65681795670704,52.41540235624129,9.725567263069523,-66.70470335140494,-16.28555858428927,54.94471196386052,59.019514939603475,-44.697507756368395,119.9981842399789,-66.46298044554841,389.261,0.01831281088693184,41.66666666666667,183.8225,73.2615,80.85027272727274,-24.66463636363636,174.6125,65.223,67.05000000000001,-7.578000000000003,0.0,68.5,5.0,0.0,320.761,4.0,50.0,205.14161495131438,889.4875139915113,0.7368980813999534,-21.279132867132855,11.623213386548093,-2.536952866812106,-8399.496689546057,0.7835823771992756,2.7664881395847547,1.0,41.66666666666667,0.0,1.1181427706364244,-0.006879490258346693,16.190704924982725,0.16523748223185775,91.06245482405652,889.3530000000001,8292.370678583335,30.42683563549897,87.42953616232063,196.85578357210068,299.0586927433931,359.2516217048632,388.03107138150216,398.58266336611496,399.22392524494757,394.6168917483517,74.15453142063103,144.4032570218539,228.63030576196635,317.20305641335244,373.2219094818359,400.58841854605146,410.50219377961525,410.73248396035086,405.7853712720117,2.0698274428700083,67.62471592120507,114.92770268721578,116.27388867249822,105.74345035313176,101.15762956739152,99.51366095039427,98.20341929816423,96.54755767111075,94.54774606109869,4573.102203423686,13208.376844961065,13519.617187024509,11181.677292585242,10232.866019693605,9902.968715750025,9643.911561851055,9321.430892256458,8939.276285234004,0.0
199208,386906.982597,17.814719999999998,1.0,3517336.2054272727,0.038505551951327106,2.0,9.0,75.05,182.85,0.08333333333333333,0.16666666666666666,0.25,0.3333333333333333,0.4166666666666667,0.5,0.5833333333333334,0.6666666666666666,0.75,0.8333333333333334,1.0,12.013848852237691,195.81314108315885,57.52648880189387,12.099526666021946,74.2128266738966,64.0841454327173,98.98607175535153,8.333333333333334,0.0,0.0,0.0,0.0,0.0,0.0,0.0,0.0,0.0,0.0,0.0,81.2865,-0.991243579511512,0.07717926608820705,0.5449167631461006,0.5520543106109852,0.5449167631461005,0.5520543106109853,0.14155413624529017,0.20160597242035944,0.04932645814469306,0.36773992882536666,0.04932645814469309,0.20160597242035944,0.14155413624529017,-4.154926907879579,24.736253058530803,299.6470860638021,-122.73560539295721,-128.90333209075487,67.36336410178649,-62.842015302265374,86.41252897433314,-124.61563196244383,123.13401518167973,-131.4723274964822,123.82715136030961,286.928,0.02939259628985469,50.0,166.62158333333335,55.57865277777777,74.37418181818181,-6.388545454545453,174.6125,58.08750000000001,64.89999999999999,41.382000000000005,0.0,68.5,5.0,0.0,218.428,4.0,50.0,179.56126684157138,818.2545449732685,0.23397857257476662,-11.97842307692307,11.140202456096723,-3.2093432139661315,-7185.565056735586,0.6745169033882388,3.3125108834836183,1.0,50.0,0.0,1.3742664368974842,-0.007127895879721681,17.498273708019493,0.25322352679319904,66.92904091082627,818.116,4479.496517243057,24.422641895400925,76.30101285819947,175.01110955139916,267.51222226491586,322.09287047756715,348.2637266865374,357.9382986482738,358.6373687495415,354.57785092913286,71.82154270559853,122.67219690812102,195.56989285698364,277.21875898650666,329.2890438975161,355.0727648800505,364.7978834268289,365.57987917341086,361.5532239761161,2.0716096540567137,67.54160613622629,96.05531391379498,87.28513347460846,72.71486280606693,68.46500725524996,69.20292648413368,70.41072442088176,70.90758628560896,70.67730468828913,4561.868559461121,9226.623331077695,7618.694525680214,5287.451272905137,4687.457218461429,4789.04503396841,4957.670113473356,5027.88579285108,4995.281398001255,0.0
199209,332458.833221,16.72612,1.0,3022353.029281818,0.03828537705914684,2.0,9.0,75.05,182.15,0.08333333333333333,0.16666666666666666,0.25,0.3333333333333333,0.4166666666666667,0.5,0.5833333333333334,0.6666666666666666,0.75,0.8333333333333334,1.0,12.223463273472206,71.56431218066177,6.5242813591366575,20.66045625120715,99.57406855895832,74.78137848237489,86.94909501033091,8.333333333333334,0.0,0.0,0.0,0.0,0.0,0.0,0.0,0.0,0.0,0.0,0.0,71.475,-0.5313615164039702,0.20681537965862531,0.47163907962078633,0.4950815939070752,0.47163907962078633,0.49508159390707507,0.1962528472970956,0.15750465578950562,0.22051931560001486,0.0760681044633534,0.22051931560001484,0.15750465578950562,0.19625284729709563,-22.299639278997432,-14.0007814692795,-93.38380669887378,83.28170972517219,-35.302736539504934,58.301688702350525,-20.58900565407172,10.264024976150857,94.19680163120613,-142.11319376173105,270.4635629821157,88.97132746779114,286.928,0.02840118123480774,50.0,153.70291666666665,54.080250000000014,81.3898181818182,-13.404181818181819,148.71800000000002,33.875,67.05000000000001,41.382000000000005,0.0,68.5,4.0,0.0,218.428,5.0,50.0,166.44789805947283,895.3667487699533,0.5743258488084569,-10.681940559440552,12.377797702868909,-2.9236068998948164,-6430.663778847795,0.8704216243400543,2.5171785105950457,1.0,50.0,0.0,1.0490064349230541,-0.006491418324238844,17.42092952129455,0.28072692793860743,63.87735261089324,895.2880000000001,4080.3161765763894,28.359161925437036,73.2281544890095,161.54649656716592,246.41409987586414,296.9273184520741,321.3007279205572,330.40948655395755,331.18426355595255,327.52742854405057,80.75361436432345,108.55119651920563,175.7981279885702,252.89041624301274,302.0583477613051,326.52688978620404,335.91990134939414,336.91037005460726,333.3731151659373,2.0796607075022586,75.61021206020196,80.13114036306334,69.33766113130991,56.86522672013106,55.438371270719614,58.18635571310438,60.59497766099764,61.85128150033556,62.156395220147495,5716.90416778871,6420.999655884959,4807.7112511603655,3233.6540099319077,3073.41300915015,3385.651991171915,3671.7513177368032,3825.581023233752,3863.417466763174,0.0
199210,277178.635105,14.90825,1.0,2519805.773681818,0.03809111128446258,2.0,9.0,70.8,174.825,0.08333333333333333,0.16666666666666666,0.25,0.3333333333333333,0.4166666666666667,0.5,0.5833333333333334,0.6666666666666666,0.75,0.8333333333333334,1.0,15.848668945200618,12.09282410299252,19.62069672321759,25.565204201604953,42.54849025074845,79.24103645693029,52.300707666805565,8.333333333333334,0.0,0.0,0.0,0.0,0.0,0.0,0.0,0.0,0.0,0.0,0.0,84.31875000000001,0.30572733651323114,0.10000284214915303,0.29913275232990927,0.3929642626212829,0.29913275232990927,0.39296426262128303,0.41322741167377447,0.2149528904750963,0.07777623371157916,0.4697045023672142,0.07777623371157921,0.2149528904750963,0.41322741167377447,-36.75844787559489,20.117510943117246,-26.01078018985815,-36.287811145539095,-13.839959452599187,80.641536068246,-75.63032697175039,151.2367099276901,-106.82227411323434,127.24620493366034,302.50594858132047,-149.6099081396327,286.928,0.03514826400131159,50.0,139.14075,50.90820833333333,80.10963636363637,-19.648000000000003,120.493,50.842999999999996,67.05000000000001,-27.299999999999997,0.0,68.5,4.0,0.0,218.428,4.0,41.666666666666664,151.98098431081218,881.2909768642227,0.8927891122279978,-9.695828671328666,14.98025971511019,-2.8181955229078945,-5048.398272315337,0.7225497083996293,1.92814576570661,1.0,50.0,0.0,0.7769004377206878,-0.0051530092893719015,19.383358282052036,0.5318359119649649,61.139768412391234,881.206,3738.071281520833,24.628846299976743,66.39587250707046,148.6063579399977,226.20257731420293,271.92599138220015,293.7832980904421,301.8006428550693,302.2975872455842,298.813491484816,59.73431806408902,88.33117384829073,156.22027923895126,230.29185222196546,276.1385983244198,298.5678920810607,307.0235661129365,307.78186871440005,304.4261344072735,2.0701504995942757,54.420664131503145,58.25791265949893,48.17599013310665,43.20568499903258,48.049773104384904,53.236828838975235,56.39008885408478,57.8433008638565,58.18735787788622,2961.608684513873,3393.984387441805,2320.9260253051893,1866.7312162356284,2308.780695382871,2834.1599448303455,3179.8421209715766,3345.8474548266217,3385.7686168092073,0.0
199211,204474.56792099995,13.702929999999999,1.0,1858859.7083727268,0.04728279831839695,2.0,9.0,70.8,174.4,0.08333333333333333,0.16666666666666666,0.25,0.3333333333333333,0.4166666666666667,0.5,0.5833333333333334,0.6666666666666666,0.75,0.8333333333333334,0.953509509058145,0.03747257297839219,14.653020259763313,36.6504889159165,33.58326585659807,35.4568438875077,79.29663645251208,40.81710161543383,16.666666666666668,0.0,0.0,0.0,0.0,0.0,0.0,0.0,0.0,0.0,0.0,0.0,82.16875,-1.4448360037813415,0.24370379991378616,0.4559305448174783,0.636792040374645,0.4559305448174783,0.636792040374645,0.27486419134194384,0.21348875076131127,0.21181716605644932,0.16820783267758327,0.2118171660564493,0.21348875076131127,0.27486419134194384,-35.60536925818151,41.45677401059175,142.05737504616002,54.23831279520769,8.363859264388996,-27.130840592585784,20.36296598324557,-47.35695860669969,220.7518466757988,105.42006305767639,-224.6600042188889,-56.878891399076146,182.85,0.057443210841665426,50.0,123.40508333333331,36.767444444444436,67.69218181818181,-2.2669090909090914,116.525,43.60000000000001,64.89999999999999,27.299999999999997,0.0,68.5,4.0,0.0,114.35,4.0,33.33333333333333,130.53561708112463,744.7142349819177,0.24232288955385284,-4.5567167832167765,12.44262784920038,-3.588739063329847,-4820.023932961496,0.8463880466561937,2.485141520569959,1.0,50.0,0.0,1.0531441614748291,-0.0064580771061255185,18.03859824474763,0.5584165262237561,42.55270536926008,744.6139999999999,1810.732734243056,14.888435373038496,56.28200413735639,133.0542025498947,204.0324959839015,245.84592486857602,265.90636677785034,273.34164309665175,273.906274087781,270.8265749283939,43.642215825977566,72.58788863171506,138.71901557446324,208.50143995706088,250.61916631427306,270.9501167999712,278.50479824597494,279.08152944839816,275.95031381762635,2.06228307638408,41.02410869652213,45.8403488893013,39.23702926776901,42.93705913016269,48.68005494630985,52.036236421568766,53.37854246093519,53.49629047519543,52.92959482748268,1682.9774943440625,2101.337586292867,1539.5444657597618,1843.5910467470867,2369.747749575746,2707.7699009213998,2849.2687952538613,2861.8530946064852,2801.5420086014815,0.0
199212,218253.71312499995,13.554375,1.0,1984124.6647727268,0.050196776806841335,2.0,9.0,70.8,174.4,0.08333333333333333,0.16666666666666666,0.25,0.3333333333333333,0.4166666666666667,0.5,0.5833333333333334,0.6666666666666666,0.75,0.8333333333333334,0.953509509058145,3.0015902874228115,10.980121697360238,24.811254797346514,50.45465484396434,50.594487504822546,89.28753645057361,15.014946297367967,25.0,0.0,0.0,0.0,0.0,0.0,0.0,0.0,0.0,0.0,0.0,0.0,82.16875,-1.656073355892783,0.2666763515979091,0.5604373486377368,0.490175157925537,0.5604373486377368,0.490175157925537,0.07728755833049408,0.3608650144214103,0.22721511793756657,0.05676383875100355,0.22721511793756655,0.3608650144214103,0.0772875583304941,-33.74501189967897,21.522895430902505,161.31842289214714,151.04251078293515,-87.0449816190559,111.19385717791602,-76.4719893916409,23.567102633576372,192.50437021111634,-255.6981779016699,-50.815989744652526,202.0730024775662,182.85,0.04471691329413727,50.0,127.32291666666664,41.27673611111111,69.52499999999999,-0.43409090909090703,116.525,46.87500000000001,67.05000000000001,27.299999999999997,0.0,68.5,4.0,0.0,114.35,3.0,25.000000000000004,134.86218679482892,764.8725302565704,0.04364392642968663,-2.7794580419580392,11.815755669262064,-3.6252998153422915,-5134.101196518019,0.8612917786337777,2.6378772497897134,2.0,50.0,0.0,1.0986076956444895,-0.0067804685129509365,17.300966061915357,0.5321505019261746,44.45991811256954,764.775,1976.684318576389,17.026530955115764,53.82725709283,131.82740380811933,204.25876675480438,246.79009258294764,267.17085751555743,274.741911692597,275.35534785569877,272.2820614121594,54.7470878200183,66.02647593390319,135.15778794877596,206.86919115033544,250.02000995917254,270.99441543226953,278.9557872718908,279.7902645069732,276.8226870192736,2.0682322882257904,52.03211381836491,38.237702835195,29.818840494179742,32.760012988404576,40.058152514623906,45.361945393459486,48.30334576380429,49.61879200614536,49.93274558559513,2707.3408684072806,1462.1219181126799,889.1632484173336,1073.2184510004365,1604.6555828848698,2057.7060898792,2333.2132119776293,2462.024520149115,2493.2790817157697,0.0
199301,193805.1725,13.346,1.0,1761865.2045454544,0.05031553014922757,2.0,9.0,70.8,170.05,0.08333333333333333,0.16666666666666666,0.25,0.3333333333333333,0.4166666666666667,0.5,0.5833333333333334,0.6666666666666666,0.75,0.8333333333333334,0.953509509058145,0.001621334876543102,4.352782628911623,12.268389173954041,57.58437482853223,76.34902062114197,90.55284744224753,3.200684263545953,41.66666666666667,0.0,0.0,0.0,0.0,0.0,0.0,0.0,0.0,0.0,0.0,0.0,93.72500000000002,-1.491011451010487,0.03816311873225224,0.4280114790880434,0.288789466199118,0.4280114790880434,0.28878946619911794,0.4940022106913944,0.02636955937161816,0.35696315031212555,0.022755467810927466,0.35696315031212555,0.02636955937161816,0.4940022106913944,-36.08946551158511,-22.53577394624884,-42.17315661242603,-55.35922848787663,59.572217742755846,12.840119836529091,125.36834828467558,-7.786208152984099,1.5343511404729284,-82.1731251785209,269.337038661964,28.60985366343107,182.85,0.04539933605956755,41.66666666666667,119.27083333333333,38.72777777777778,72.44545454545454,-3.3545454545454536,106.6,33.675,71.95000000000002,27.299999999999997,0.0,68.5,3.0,0.0,114.35,4.0,25.000000000000004,127.08434617082729,796.9946026364147,0.3794535959032009,-2.5096153846153837,11.565737437875999,-3.9870920282294464,-4740.956999108317,0.7139394621173837,2.3228968987920577,1.0,41.66666666666667,0.0,0.9834115388951538,-0.006909049317663768,16.75701725092598,0.6369107559522624,43.87367499582055,796.9,1924.8993576388891,19.11164577086951,53.43231231077986,125.67854042043564,194.23756190010639,234.78130698146072,254.30033619789094,261.6061984228724,262.2613536436875,259.3848564086862,60.5991446761987,62.179770904460966,129.37865186679457,197.89188328763325,238.83179451725027,258.67177381597577,266.1559078583163,266.87982770368984,264.00130933193805,2.078050317154998,57.506532945532946,31.80113065371315,30.720352157131046,37.85455082587289,43.79913200517986,47.354256184032245,49.001675834784514,49.43505659076225,49.15473115400893,3307.0013314156663,1011.3119108545343,943.7400366581461,1432.9670182285938,1918.3639644071707,2242.425578742956,2401.1642346173044,2443.824820131866,2416.187594822896,0.0
199302,196877.22499999998,12.8895,1.0,1789792.9545454544,0.04947776590207426,2.0,9.0,70.8,170.05,0.08333333333333333,0.16666666666666666,0.25,0.3333333333333333,0.4166666666666667,0.5,0.5833333333333334,0.6666666666666666,0.75,0.8333333333333334,0.953509509058145,2.707981635802457,2.4923844212372925,9.295963966049388,60.26135555555555,77.1724898919753,65.80629567135533,0.29859274691358034,41.66666666666667,0.0,0.0,0.0,0.0,0.0,0.0,0.0,0.0,0.0,0.0,0.0,93.72500000000002,-1.5292116209198374,0.21605579466159236,0.40910337784162865,0.45917395076481055,0.40910337784162865,0.45917395076481055,0.3742830658837156,0.12655288822720748,0.18724375312168576,0.21508371764306025,0.18724375312168573,0.12655288822720748,0.3742830658837156,-52.645269271533024,11.10056172746548,127.18841126426642,48.458429610967904,18.854385758694438,99.21890040739021,41.35636029026661,-90.97440963158893,-36.86242501074081,30.522567761736077,219.12166522881384,-30.321571350724025,182.85,0.05310403969468993,41.66666666666667,120.32499999999999,39.2625,70.85454545454546,-4.945454545454546,108.025,35.10000000000001,71.95000000000002,27.299999999999997,0.0,68.5,4.0,0.0,114.35,3.0,25.000000000000004,128.0876083650041,779.4972357195699,0.30708119529102373,-2.373076923076919,11.282337565094961,-4.015466169943341,-4844.451525032126,0.7160449276141418,2.368509950136704,1.0,41.66666666666667,0.0,1.005657734721572,-0.007054797823665446,16.480372771540708,0.6225046693525517,43.912752039318455,779.4000000000001,1928.3297916666672,17.499659765784013,52.62811961910322,123.60035066525207,192.3336532719912,233.5005051267153,253.5634445394253,261.2627626483887,262.18994836344376,259.50028958433927,50.6372226605881,62.221915942875476,127.42011935824185,195.6738278097457,237.0808598570492,257.3991946798847,265.25233007407473,266.2438596394871,263.5576503086858,2.073260418917822,47.51726240914745,33.194093585450176,30.965143834565346,36.00017651022656,41.046902637429206,44.27104036675656,45.83194806090636,46.2841633056665,46.06771908700931,2257.890226859777,1101.8478489596246,958.8401326953202,1296.012708767468,1684.8482161265927,1959.9250151549888,2100.5674630576186,2142.2237729056055,2122.2347418796016,0.0
199303,170066.6425,12.64125,1.0,1546060.3863636362,0.051771138040783045,2.0,9.0,70.8,127.75,0.08333333333333333,0.16666666666666666,0.25,0.3333333333333333,0.4166666666666667,0.5,0.5833333333333334,0.6666666666666666,0.75,0.8333333333333334,0.953509509058145,0.8359963348765416,2.4972326982745408,8.80427721407751,79.08605517832649,57.42878520447531,39.267325202102704,8.514306794410157,33.333333333333336,0.0,0.0,0.0,0.0,0.0,0.0,0.0,0.0,0.0,0.0,0.0,60.912499999999994,-1.1267282991728595,0.11827675105165561,0.5726855041483991,0.20987856080786416,0.5726855041483991,0.20987856080786416,0.5613050959599727,0.08540849416467056,0.28849113776331314,0.02552142315703689,0.2884911377633132,0.08540849416467056,0.5613050959599727,-32.9227034605589,-9.2459417124905,-119.8562022588409,71.25659789746484,98.52606748304406,91.82200713262262,-179.52101642838656,-19.738384754568926,246.26351671738706,27.39215349458037,154.2568236705563,-170.24223389642307,182.85,0.05616633887198282,41.66666666666667,111.79583333333333,35.67013888888889,65.47727272727273,0.4318181818181818,98.1,25.174999999999997,64.89999999999999,27.299999999999997,0.0,68.5,3.0,0.0,114.35,4.0,33.33333333333333,119.047134397823,720.3529936823389,0.6456213243504725,-1.1215034965034985,11.085064950759659,-3.9640464627063485,-4569.2399804278175,0.7352478835406899,2.4347315074666636,1.0,41.66666666666667,0.0,1.014921075233968,-0.0071562523110378865,16.115732191921442,0.6355933259745432,40.91346792486417,720.2500000000001,1673.9118576388892,14.827312928457696,50.637184979910934,120.14803291030468,184.6782249543534,222.57975264446256,240.71035689192158,247.3998358375499,247.87551150465666,245.06078513902617,53.20785227605343,64.18737321672444,125.10299464488911,188.70623409415003,226.97061885218824,245.4077825908072,252.24521321394823,252.756251442974,249.90918015363386,2.082372024227211,51.10015983489597,39.44482700904334,34.85985451638457,38.7813874649345,44.428769225302275,47.78602139852866,49.20334152172552,49.431300203501955,48.987854740797395,2611.2263351519155,1555.8943777733548,1215.2094569034978,1503.9960137053786,1973.9155348751667,2283.503841100639,2420.9688169035585,2443.4534398087326,2399.809912105466,0.0
199304,172399.70249999998,12.23925,1.0,1567270.0227272725,0.04661501141511541,2.0,9.0,70.8,127.75,0.08333333333333333,0.16666666666666666,0.25,0.3333333333333333,0.4166666666666667,0.5,0.5833333333333334,0.6666666666666666,0.75,0.8333333333333334,0.953509509058145,1.9442824459876598,6.516606341266454,27.635053885888208,57.11295507544582,38.117378954475306,19.004339779275387,19.669805045438956,33.333333333333336,0.0,0.0,0.0,0.0,0.0,0.0,0.0,0.0,0.0,0.0,0.0,58.92499999999998,-1.088586722517181,0.3013262154361974,0.42141712470457504,0.42248947210326593,0.42141712470457504,0.42248947210326593,0.5977547040355611,0.15149920843789344,0.0868636674533009,0.20713749238627427,0.0868636674533009,0.15149920843789344,0.5977547040355611,-44.30316796293419,14.239202458745831,94.65459202877892,71.02811372095204,90.08843514696858,-3.6807570866440407,-116.76051470970458,79.0909635785859,240.75584894711758,-59.67565048215046,54.94251016467807,-165.2559122981602,182.85,0.04162444822207861,41.66666666666667,112.97916666666667,34.68402777777778,57.304545454545455,-7.740909090909091,98.1,23.599999999999994,49.55,9.450000000000003,0.0,68.5,4.0,0.0,114.35,3.0,33.33333333333333,119.86092722401241,630.5007238533371,0.6502137561969603,-3.658916083916083,11.083349745180433,-4.079388084699461,-4577.050361641667,0.7389142063902311,2.492409911670192,1.0,41.66666666666667,0.0,1.0363501841758898,-0.007157134416764345,16.268635931915046,0.6504737770050655,40.02936140266986,630.35,1602.3497743055557,16.17318702300358,50.409084100645636,121.15460136359684,185.74714122561718,223.39697963875213,241.28866603514265,247.7999203522128,248.1490884111433,245.24485296045964,46.905871148702936,62.52242364976926,124.41781439799206,188.507430528451,226.9130111714051,245.3816377494868,252.2215216480028,252.72832441732947,249.87636019728438,2.076023131276155,44.029408010302284,36.98618254396176,28.30821626314769,32.14110904977315,39.79075429238757,44.631018222776255,47.02016010043914,47.89191877038903,47.88692391295942,1938.5887697376709,1367.9776991752617,801.3551080011392,1033.0508909494094,1583.3041271571594,1991.9277876017861,2210.895455870929,2293.635883509541,2293.1574818455642,0.0
199305,147639.3825,11.846999999999998,1.0,1342176.2045454546,0.04902909340602261,2.0,9.0,70.8,117.95,0.08333333333333333,0.16666666666666666,0.25,0.3333333333333333,0.4166666666666667,0.5,0.5833333333333334,0.6666666666666666,0.75,0.8333333333333334,0.953509509058145,1.602547260802476,11.631270314946601,43.83033358410494,40.34153395061731,30.21895673225307,4.61468705388056,37.16896300154322,25.0,0.0,0.0,0.0,0.0,0.0,0.0,0.0,0.0,0.0,0.0,0.0,42.95,-0.1836898557992308,0.10323441054763823,0.7345939699241507,0.3252011814281852,0.7345939699241508,0.3252011814281852,0.10165637798296867,0.3919205175104121,0.13665809606122425,0.26419087237413225,0.1366580960612242,0.3919205175104121,0.10165637798296867,-10.086200678286293,-20.70364295505923,27.41044546378113,-20.199426037962866,-54.808292151845485,120.3414928341277,7.269922776570032,130.4136643208567,-73.92488093759461,69.05958316828132,-50.46584066897915,-21.469110817969266,182.85,0.029356904849870795,50.0,104.71249999999999,29.95833333333333,48.95454545454545,0.6090909090909093,93.675,20.674999999999997,49.45,9.450000000000003,0.0,68.5,3.0,0.0,114.35,4.0,33.33333333333333,110.92015991243431,538.6815447563504,1.0549372734370894,-2.3201048951048944,11.286187474511774,-3.5570403744893473,-4370.999050907694,0.848393145588377,3.0396178295824634,1.0,50.0,0.0,1.2080471526294982,-0.007052817870251085,16.73715032756488,0.5221268053518158,36.58653056453973,538.5,1338.57421875,11.78700698937192,47.18795848838247,113.88179239629137,174.93682440668047,210.66749179599844,227.71455583400726,233.9711120458654,234.37418517700561,231.68114153785075,47.53081326965325,60.06114142782748,118.61263672252058,179.4615636093936,215.4538345583053,232.63236220967892,238.90012087744867,239.24303422571796,236.45239937767457,2.0742412129687717,46.04611467113315,37.15692779700963,33.164664190620535,40.04447876592573,45.16151820145676,47.58042673806165,48.278219553756266,48.020524238524736,47.26082761841643,2120.244676307143,1380.637283312187,1099.894950876628,1603.5602796346768,2039.56272626051,2263.8970085760516,2330.786483280694,2305.9707481427417,2233.585827177673,0.0
199306,148400.95500000002,11.66,1.0,1349099.590909091,0.0431875537795562,2.0,9.0,73.85,117.95,0.08333333333333333,0.16666666666666666,0.25,0.3333333333333333,0.4166666666666667,0.5,0.5833333333333334,0.6666666666666666,0.75,0.8333333333333334,0.953509509058145,0.5874075617283877,13.276945571368383,30.922482518861443,42.07837709190673,23.018111188271604,9.88367533055206,28.007068329903984,25.0,0.0,0.0,0.0,0.0,0.0,0.0,0.0,0.0,0.0,0.0,0.0,42.95,-0.1466275778099937,0.24280157563433669,0.8176481281869143,0.27522213103063076,0.8176481281869143,0.27522213103063076,0.10750785384339681,0.46390682128365546,0.06254064869169662,0.2682379012608883,0.06254064869169662,0.46390682128365546,0.10750785384339681,-10.736852408850341,-40.24567809623118,-37.21046562754579,97.28489689074533,-63.503484200150965,205.56601664559975,-28.419068523559453,24.311404767312872,103.8042518189559,-148.1944146541661,69.08690024396256,-20.941772531316147,182.85,0.03569983571469729,50.0,105.15833333333332,29.661111111111108,44.58181818181818,-4.00909090909091,93.675,19.15,47.95,-1.3500000000000085,0.0,70.8,3.0,0.0,112.05,4.0,41.666666666666664,111.20587327115418,490.9014643280617,1.086425375056843,-5.153146853146851,11.250222567364904,-3.613353588732078,-4375.531334421745,0.8430064622705339,3.062875731764645,1.0,50.0,0.0,1.2196427242156564,-0.007071314108212332,16.78752337958697,0.5338469044323497,36.1727961395792,490.4,1308.4711805555555,14.614237592831955,47.039915906674544,110.93708541576005,172.0868485504012,208.5216815913569,226.19441235468028,232.9108202914115,233.63893510611152,231.1757152247443,51.70604236109474,55.00771558508593,115.51903496436267,176.76149698650394,213.1447322425894,230.73297515992857,237.34274894087557,237.95029584039423,235.36077784224133,2.0711892800680776,49.59777087962301,28.514822204998797,32.2119623518035,40.382463680428415,44.15184241997063,45.538924511598616,45.652275583954015,45.09092251233437,44.18692608490444,2459.9388762275807,813.0950853826926,1037.6105185540061,1630.7433729011202,1949.3851890779176,2073.793645673077,2084.130265993284,2033.1912930133428,1952.4844368328083,0.0
199307,142606.7625,10.97575,1.0,1296425.1136363638,0.041773389252841346,2.0,9.0,73.85,98.1,0.08333333333333333,0.16666666666666666,0.25,0.3333333333333333,0.4166666666666667,0.5,0.5833333333333334,0.6666666666666666,0.75,0.8333333333333334,0.953509509058145,5.651335223765398,22.279992389977487,10.46264816743827,16.582852160493825,13.790387982253083,28.37901852823241,12.096367631172841,25.0,0.0,0.0,0.0,0.0,0.0,0.0,0.0,0.0,0.0,0.0,0.0,28.062499999999986,0.15625556880054292,0.07129210026681612,0.4458052744111388,0.2916770043580972,0.4458052744111388,0.2916770043580971,0.3138742999595965,0.4422474180101409,0.13676726236795522,0.3929442210814116,0.13676726236795517,0.4422474180101409,0.3138742999595965,-31.765374617074514,-38.50614711905781,213.90896119488173,-8.113938036179295,51.979423440219406,173.6354672777997,-103.53984871903772,150.19947193831675,-168.2848971368247,34.35796154272753,-21.84033931286473,-12.72489969361982,182.85,0.033280944149779064,50.0,102.83749999999998,28.68958333333332,40.159090909090914,-8.431818181818182,89.675,12.974999999999994,27.299999999999997,-1.3500000000000085,0.0,70.8,4.0,0.0,112.05,3.0,41.666666666666664,109.01328760752058,442.2745007801993,1.269635937968831,-5.150874125874125,11.717740341021786,-3.5289892582690148,-4204.142443320239,0.809946519384102,2.9069770888956734,1.0,50.0,0.0,1.171296777133163,-0.006830876396045938,17.255499693155368,0.5477737982131389,36.171058441107306,441.75000000000006,1308.34546875,15.791943455010154,43.209783023544695,106.29538992525035,166.33889941586037,201.84320410194562,218.97734555439504,225.4518306313405,226.12195544577503,223.70736237938556,46.43889858654006,46.906659542061725,110.09195393584851,170.49325586539928,206.0512909085131,223.18316903879236,229.61492974446801,230.21282651230484,227.70832493816255,2.0644142887308607,43.67133869993815,18.252379583305817,28.662316760024474,37.40749706549205,41.4301272376157,43.123648687804945,43.52571684113134,43.20655917986901,42.498203060860384,1907.185823844715,333.14936045307905,821.5284020519799,1399.3208367047966,1716.4554429250263,1859.6490761492214,1894.4880265343445,1866.8067561635228,1806.097263402123,0.0
199308,115032.54249999998,10.404250000000001,1.0,1045750.3863636362,0.047899755627847665,2.0,9.0,73.85,98.1,0.08333333333333333,0.16666666666666666,0.25,0.3333333333333333,0.4166666666666667,0.5,0.5833333333333334,0.6666666666666666,0.75,0.8333333333333334,0.953509509058145,0.035926890432098,30.583040018930944,7.807971169838822,8.436086762688614,10.409954880401237,34.912146636590336,10.482687761488341,8.333333333333334,0.0,0.0,0.0,0.0,0.0,0.0,0.0,0.0,0.0,0.0,0.0,21.88749999999999,2.213021467409588,0.18578810727141118,0.5531585495913891,0.632247247871724,0.5531585495913891,0.632247247871724,0.3839545845328519,0.13863953865856654,0.2693597598776741,0.06303426351568878,0.2693597598776741,0.13863953865856654,0.3839545845328519,-42.12339736747075,124.8401572782348,12.594788079112218,-90.26430132552636,149.64644547778823,-172.7915029422413,-107.14106358106332,-76.67841336778535,158.5794838290091,-22.52073544467202,18.335367462636988,31.353239128079142,170.05,0.039349269033363304,50.0,93.97916666666667,19.680555555555557,33.68636363636364,-1.9590909090909088,84.525,10.000000000000007,27.299999999999997,-1.3500000000000085,0.0,70.8,4.0,0.0,99.25000000000001,4.0,41.666666666666664,97.90835106533727,371.10545154097247,1.7686586514020444,-2.525,9.89765317557453,-4.4621061634732415,-3914.1732444485715,0.8305239721943241,3.3226459401079267,1.0,50.0,0.0,1.3848196002646673,-0.007766921223990239,16.449439956168234,0.3443407879853315,27.45835830803113,370.55,753.9614409722222,12.013584736187012,39.40940352727781,99.05600190124768,154.7346363637413,187.5737602108497,203.40470752476844,209.3716726373187,209.96790968954372,207.71028605250777,26.620163461883983,52.725232775797004,106.54851850960283,160.18705451901246,192.39066306556134,207.91991666575933,213.67737921036863,214.0976863540291,211.68218193695427,2.051691910120138,23.75514438019431,35.02640553762492,39.249143735006406,41.43772127974498,42.78144124698244,43.09543714895712,42.679328524042205,41.84849104510016,40.81400761472958,564.3068845238772,1226.8490848861613,1540.4952839311927,1717.0847448578295,1830.2517151690106,1857.216703059713,1821.5250832631225,1751.296202751828,1665.7832175752046,0.0
199309,112422.995,10.36125,1.0,1022027.2272727272,0.04649838963105368,2.0,9.0,73.85,90.1,0.08333333333333333,0.16666666666666666,0.25,0.3333333333333333,0.4166666666666667,0.5,0.5833333333333334,0.6666666666666666,0.75,0.8333333333333334,1.0,0.5185013888888829,35.051636271836564,6.500747153635115,4.864648593964334,5.2505787037037015,34.35819630703862,15.223957630315505,8.333333333333334,0.0,0.0,0.0,0.0,0.0,0.0,0.0,0.0,0.0,0.0,0.0,15.887499999999989,2.448140358432333,0.21643906014019967,0.7164806055337571,0.6431619102585417,0.7164806055337571,0.6431619102585417,0.06988966530922217,0.1992738823494919,0.21707222511621416,0.038396918172071026,0.21707222511621418,0.1992738823494919,0.0698896653092222,-9.420491717098306,89.00824901149944,12.41776044855956,-10.004129333567162,-142.16017613670164,55.46656553497856,-13.952173671973723,-131.91289553569953,113.87806431290426,17.478638605450534,-21.899429343285124,62.200377387146105,170.05,0.02225557592382524,50.0,92.78333333333335,19.591666666666672,31.859090909090913,1.1772727272727275,81.775,7.700000000000003,16.25,7.200000000000003,0.0,70.8,4.0,0.0,99.25000000000001,4.0,41.666666666666664,96.79144030680949,351.0562554002816,1.8738783081268446,-2.731118881118877,10.074078909884726,-4.275045473426289,-3878.3689361310494,0.8510985371280414,3.3467691915906346,1.0,50.0,0.0,1.3858149426644557,-0.00767618798920214,16.582080626363133,0.33304958757849645,27.565122387216462,350.45000000000005,759.8359722222223,10.988961687770056,41.3539884433122,99.4409929025897,153.07674767117473,184.55250109387964,199.60794680571348,205.16561665840626,205.56570494942616,203.23475440008258,29.810397883099352,60.32371072351662,106.8989268733069,157.41153595383403,188.45902552801493,203.52521460876113,209.11609305389922,209.51116658337182,207.14083422575936,2.062368615895837,27.7110545265498,43.91807959468305,39.22842715699575,36.68652305357763,38.17300935166789,39.738904785483705,40.455038194308194,40.4681340287743,40.03698050155166,767.9025429734161,1928.797715284916,1538.8694972117219,1345.900973760683,1457.1786429625247,1579.1805535497394,1636.610115302935,1637.6698717708405,1602.959807681628,0.0
199310,111028.3775,10.23625,1.0,1009348.8863636364,0.04099282771199642,2.0,9.0,73.85,90.1,0.08333333333333333,0.16666666666666666,0.25,0.3333333333333333,0.4166666666666667,0.5,0.5833333333333334,0.6666666666666666,0.75,0.8333333333333334,1.0,0.31314818672839406,22.038848390547116,7.929958489797669,5.493941186556929,6.167764834104939,28.065895106537933,7.484508852023317,8.333333333333334,0.0,0.0,0.0,0.0,0.0,0.0,0.0,0.0,0.0,0.0,0.0,15.887499999999989,2.1473671496811324,0.12282677843839065,0.5907227400246915,0.4495443673264794,0.5907227400246915,0.4495443673264794,0.23890090832510213,0.1253382760309435,0.2610039740048621,0.02905215936338712,0.261003974004862,0.1253382760309435,0.23890090832510216,-16.844099565753105,4.666377659464678,-18.496830439966523,14.042866356029366,4.891364209483915,-28.512654721004505,23.404730665821074,-35.58671852749593,107.64334275504775,27.85264728366752,83.26626051057788,-17.725146543845845,170.05,0.012688248405868935,50.0,91.89583333333333,20.035416666666666,31.522727272727277,-3.4499999999999997,81.775,7.700000000000003,16.25,-1.3500000000000085,0.0,60.15,4.0,0.0,109.9,5.0,50.0,96.18921348917802,347.35912346078453,1.7164740509956478,-4.985489510489507,10.182504839013133,-4.089182340371333,-3873.616190183653,0.8718822433302246,3.2697420837692865,1.0,50.0,0.0,1.347174549151771,-0.007620426082793244,16.39941583421182,0.3381830944623724,28.41690707376313,346.75000000000006,807.5206076388891,13.584146757046222,43.5048807672645,99.03407277377458,150.83518303775418,181.33401237022963,195.92036340937997,201.27751999396094,201.6176528039102,199.3007649055551,35.05882386258783,61.09783396110131,105.48177658627995,154.30133428550235,184.60808418603682,199.40245986229516,204.9347055803483,205.36878275955445,203.08176130217737,2.0655887034626406,32.32014986832499,42.89837600847383,36.31332567579831,32.52152087854349,34.61388022964572,37.10191640159178,38.54339757188873,39.072484051861665,39.005216082662656,1044.592087510988,1840.2706641644033,1318.6576216365927,1057.64932025354,1198.120704552259,1376.552200670705,1485.5934963846782,1526.6590099829843,1521.4068816552056,0.0
199311,111890.5275,9.708249999999998,1.0,1017186.6136363636,0.041922700516359615,2.0,9.0,73.85,90.1,0.08333333333333333,0.16666666666666666,0.25,0.3333333333333333,0.4166666666666667,0.5,0.5833333333333334,0.6666666666666666,0.75,0.8333333333333334,1.0,5.828267013888884,8.50213100403635,3.953633232596019,1.6996922153635108,5.850556655092594,16.471888316093963,0.08684414008916282,8.333333333333334,0.0,0.0,0.0,0.0,0.0,0.0,0.0,0.0,0.0,0.0,0.0,16.96249999999999,1.99027421948544,0.09795516050244714,0.4945581671386494,0.45168735213253897,0.4945581671386493,0.45168735213253897,0.2790145231676189,0.24204921203754173,0.21149285001712861,0.12956768750198028,0.2114928500171286,0.24204921203754173,0.2790145231676189,-37.0696019677644,40.31502756315195,223.6891417945707,96.1898549345033,-46.01349214126662,-3.602653150601624,-16.633144886813284,10.236730106367018,77.18245057886288,8.976704209453915,7.538144871153689,-26.64645770409346,170.05,0.010191650766356346,50.0,92.25416666666666,20.572916666666668,28.822727272727274,-6.15,81.775,7.700000000000003,16.25,-1.3500000000000085,0.0,60.15,5.0,0.0,109.9,4.0,41.66666666666667,96.5619522638187,317.6640071886032,1.6635724897426367,-4.299475524475521,10.059498621607034,-4.102927965342774,-3908.4333494944703,0.870938389237005,3.3195262785502697,1.0,50.0,0.0,1.3612773133740843,-0.007683686423173523,16.258741153252195,0.3288012217707773,28.519806409561916,317.05,813.379357638889,14.394776351418033,41.38538770869064,95.90814341125781,147.2594300619987,177.61251619669574,192.20454916874084,197.63645320031753,198.07992569573193,195.87557201119284,30.23746055741381,56.46611903804911,100.6562350070686,149.3262707817099,179.69353445755436,194.67337272150883,200.42586809897526,201.07664120281376,198.9899421804936,2.05727912438576,26.591247333545905,38.414480126906454,30.550051934552044,24.758743978397934,27.268304240028872,30.905231363129758,33.3220793112694,34.58552694088121,35.06789669033758,707.0944347538122,1475.6722834204909,933.305673203827,612.995403387856,743.5604161267765,955.1333256085792,1110.3609696265282,1196.15867377842,1229.757378284189,0.0
199312,89159.34749999999,9.37225,1.0,810539.5227272726,0.05093642368793694,2.0,9.0,73.85,89.25,0.08333333333333333,0.16666666666666666,0.25,0.3333333333333333,0.4166666666666667,0.5,0.5833333333333334,0.6666666666666666,0.75,0.8333333333333334,1.0,0.00798707561728419,5.0206770009476775,2.5683537229938245,1.6783373456790112,5.058023167438272,12.890141324669608,0.3553713348765437,8.333333333333334,0.0,0.0,0.0,0.0,0.0,0.0,0.0,0.0,0.0,0.0,0.0,13.25,1.6303284576051507,0.129956484829479,0.9599777140271277,0.18837403776713885,0.959977714027128,0.18837403776713885,0.4928927707247293,0.11279530121322663,0.48935156285782067,0.17742388847978519,0.4893515628578207,0.11279530121322663,0.4928927707247293,-5.41936264473686,-14.43580147514818,-90.11978574291707,19.205542537249514,-18.038690448444235,-24.92548418597539,51.24221381809879,7.682725075975357,58.426754550329264,-130.00388713777144,168.90993171965368,99.92163961888693,127.75,0.01578477406133918,41.66666666666667,84.6375,11.825000000000003,22.631818181818183,0.040909090909091166,79.225,4.950000000000003,16.25,-1.3500000000000085,0.0,60.15,4.0,0.0,67.6,5.0,50.0,86.19713234789194,249.57960700080415,1.3047616452623816,-1.2865384615384607,6.356864066355918,-7.954170214997586,-3593.6074469875975,0.7235380745691696,4.954838221586889,1.0,41.66666666666667,0.0,1.8803404683861877,-0.009587898480159809,13.204978063616315,0.5198506179687181,16.322965991203926,248.95000000000002,266.43921875,12.42720179060377,38.296554407666974,89.25934577418661,137.09922917167992,165.32546911644056,178.87478294489225,183.9051731169973,184.3001981442346,182.23661323673574,32.024389692834625,48.95865568541661,92.30454180373479,139.00749332830594,167.5768749103305,181.52914343149496,186.82742407459946,187.3719151310515,185.37738373584128,2.0607780111121885,29.51484695630569,30.50121123863411,23.513775314942855,22.953966148581213,27.376965977650084,30.929628859557226,32.91464244310557,33.7886303935781,33.97927598919274,871.1261908541472,930.3238870237797,552.8976295616159,526.8845619502123,749.4982661414102,956.6419413899553,1083.3736871574865,1141.67154387383,1154.5911967497304,0.0
199401,87095.43,9.053999999999998,1.0,791776.6363636364,0.0477253823765495,2.0,9.0,63.65,89.25,0.08333333333333333,0.16666666666666666,0.25,0.3333333333333333,0.4166666666666667,0.5,0.5833333333333334,0.6666666666666666,0.75,0.8333333333333334,1.0,1.4620499999999987,0.03167252716307345,0.10729220679012423,5.56131265432099,1.3558724537037057,7.02176342962705,1.492608024691358,8.333333333333334,0.0,0.0,0.0,0.0,0.0,0.0,0.0,0.0,0.0,0.0,0.0,14.600000000000009,1.174464930203408,0.16555362087376008,0.5984366265079234,0.4658451150282369,0.5984366265079234,0.46584511502823683,0.32001484921658774,0.10024133553167267,0.20669663957997458,0.16312834646019003,0.20669663957997456,0.10024133553167267,0.32001484921658774,-26.596013586356086,15.235755960169657,-81.48547300468648,15.769610610349016,-23.91374403382539,18.956814208639916,73.54359074148358,6.178172658144187,23.264494786031673,-31.195317791256507,265.53521814808096,-72.7212391846376,127.75,0.017093778557779524,41.66666666666667,83.425,12.6875,19.490909090909092,-5.827272727272727,79.225,7.700000000000003,15.000000000000007,-13.549999999999997,0.0,60.15,4.0,0.0,67.6,4.0,50.0,85.19361771870003,215.05281358910509,1.1675545995543897,-2.386363636363636,7.199516834367326,-7.399838218186656,-3470.7993212981237,0.6994603682378477,4.2560267845762905,1.0,41.66666666666667,0.0,1.6951953603992793,-0.009154534199468227,14.1317567905028,0.6100089042243553,17.269101742707985,214.4,298.221875,13.529579909710549,38.080582305892484,87.63034880422832,134.7572216118078,162.7037908578185,176.17606288201952,181.22028192862516,181.66914042502597,179.67584875521743,27.656472588537117,45.996673999043466,90.00546232456976,136.52857343056377,164.8707303251718,178.7202359090994,184.0030894872225,184.5799999209823,182.6418515620992,2.0556699779298384,24.12117210061032,25.798512945874034,20.54033146540797,21.921281587785025,26.64271304598659,30.048587168032356,31.880187555163857,32.6511835629586,32.78163077279882,581.8309435072616,665.5632702184301,421.90521670882873,480.5425864509628,709.834158450784,902.9175907948387,1016.3463585524246,1066.0997880620178,1074.6353161241104,0.0
199402,75237.6075,8.6685,1.0,683978.25,0.052364177382966365,2.0,9.0,63.65,83.75,0.08333333333333333,0.16666666666666666,0.25,0.3333333333333333,0.4166666666666667,0.5,0.5833333333333334,0.6666666666666666,0.75,0.8333333333333334,1.0,0.0016531249999995987,0.7107987791617412,1.056854451731827,7.45582585733882,0.824075405092593,5.074154028622897,2.27891481910151,25.0,0.0,0.0,0.0,0.0,0.0,0.0,0.0,0.0,0.0,0.0,0.0,13.037500000000009,-0.39040593899846465,0.0845260716282521,0.7715152377210472,0.4091259023003375,0.7715152377210472,0.4091259023003375,0.24705522028655924,0.3234485165756009,0.18073030595031803,0.05236527852971484,0.18073030595031797,0.3234485165756009,0.24705522028655924,-3.202442497541296,-9.695836653619997,13.108912296667759,-56.609367504073425,4.5476953467618255,65.55022872720576,-18.76107978360106,-23.01751018550755,-20.649672437466837,290.6091175895705,-234.43320726152538,-18.48303688856133,102.4,0.05109089568056058,41.66666666666667,78.34583333333332,8.979166666666666,15.41818181818182,-1.1818181818181819,77.6,8.475000000000001,14.049999999999997,-1.3500000000000085,0.0,60.15,4.0,0.0,42.25000000000001,4.0,25.0,79.18207262379535,170.3973077679352,0.3380907248488359,-1.0110139860139826,6.301666214785702,-9.735352140924121,-3206.8707027423766,0.7384206386393318,6.008137203482938,2.0,41.66666666666667,0.0,2.1041826253708895,-0.009616285946681635,14.09962421046888,0.7415424081058306,11.477413659250745,169.60000000000002,131.73102430555556,10.303825995736842,34.99972156539095,83.29283636546946,128.43276420787396,155.03969246121338,167.8147682839762,172.56792721144495,172.95729710367007,171.0319891849248,21.162341053423827,40.46777020134808,85.7834053591098,130.9772758350161,157.95255808224314,170.95401504455194,175.80473062246566,176.21196380528892,174.25933943353436,2.0478799839850836,18.484475884130582,20.31403247546445,20.520624873538242,25.691863752685087,30.19444263861741,32.61102276299017,33.57996139341372,33.710971014037064,33.38227157129217,341.6758487110051,412.6599154142243,421.09604520047634,660.0718630865339,911.704366256757,1063.4788056482628,1127.6138071831558,1136.4295667092472,1114.3760552595015,0.0
199403,69821.29000000001,8.3115,1.0,634739.0000000001,0.04806197686980576,2.0,9.0,60.15,83.75,0.08333333333333333,0.16666666666666666,0.25,0.3333333333333333,0.4166666666666667,0.5,0.5833333333333334,0.6666666666666666,0.75,0.8333333333333334,1.0,0.01879645061728405,8.47657066860749,6.020006207133063,1.900057647462278,2.955485493827162,10.585891128374683,0.6833670953360765,8.333333333333334,0.0,0.0,0.0,0.0,0.0,0.0,0.0,0.0,0.0,0.0,0.0,19.112499999999997,0.9572614441245944,0.05853582325078116,0.6935646840529556,0.5923133089811112,0.6935646840529556,0.5923133089811112,0.3891297596979011,0.023430498931679172,0.48973873963765824,0.07547532930362177,0.48973873963765824,0.023430498931679172,0.3891297596979011,-11.238856296936618,16.016237866037887,-191.0098246804118,-26.558205694824952,67.16839548976002,-19.37451300876907,41.49445208373849,-72.78728309055418,346.91633910178246,-156.23780910938308,-6.093319151002311,-94.63668455171364,102.4,0.028254368665232787,41.66666666666667,74.26666666666667,12.672222222222222,17.827272727272728,-5.309090909090909,75.875,10.650000000000002,15.000000000000007,-13.549999999999997,0.0,30.85,4.0,0.0,71.55000000000001,4.0,41.666666666666664,76.2787049793934,196.8584505282715,-0.8807448596847113,-2.771678321678321,6.924016031249825,-6.443023470752455,-3224.4233986793215,0.7374235244060513,4.558466609655634,1.0,41.66666666666667,0.0,1.7546947653273275,-0.009296220326785802,13.353978417278876,0.4673592007116152,17.404110306348773,196.1,302.90305555555557,10.32614919914099,33.550962279757705,80.60319391974093,124.0703683897616,149.56576259556388,161.75665771428447,166.25416598245667,166.5744822608775,164.6831381663945,18.53498894292877,38.56838651235217,83.73257337153866,127.36426290594909,153.05087018397677,165.29326578073145,169.7579776815172,170.00416496659687,168.02085021255786,2.0444721104807204,15.392090755695651,19.02244380379303,22.677499274760056,28.778449457963703,32.47539873935251,34.009519219820376,34.31214478863482,33.97584385280957,33.32371692682272,236.91645783157153,361.85336826846395,514.2689733567429,828.1991532045713,1054.6515232799386,1156.6473975633314,1177.3232799962393,1154.3579655104977,1110.4701098190112,0.0
199404,68886.55,8.062750000000001,1.0,626241.3636363636,0.05096179769490561,2.0,9.0,60.15,83.75,0.08333333333333333,0.16666666666666666,0.25,0.3333333333333333,0.4166666666666667,0.5,0.5833333333333334,0.6666666666666666,0.75,0.8333333333333334,1.0,0.015022222222223115,9.973465256726437,7.848363100137177,2.5335577503429376,4.086670370370372,16.425058474412104,0.05167517146776423,8.333333333333334,0.0,0.0,0.0,0.0,0.0,0.0,0.0,0.0,0.0,0.0,0.0,17.762500000000003,1.1290720809737929,0.09837296681728915,0.6125473967069786,0.5229202957950668,0.6125473967069786,0.5229202957950668,0.26540579374039436,0.19348337484767478,0.35273977867938267,0.1523285174625557,0.35273977867938267,0.19348337484767478,0.2654057937403944,-22.214023422990085,60.15408622605584,333.68107620749566,14.419277093615753,-36.85781319207396,-62.8199891837059,81.30755010796695,110.20118103751372,-112.90281917056087,-136.99613271133782,-64.99403820730765,-46.005321680818255,102.4,0.03753161989934092,41.66666666666667,73.81666666666668,12.302777777777772,21.36818181818182,0.7863636363636356,75.875,8.524999999999999,16.25,-1.3500000000000085,0.0,30.85,5.0,0.0,71.55000000000001,4.0,41.666666666666664,75.76638986604372,235.78234141798157,-0.8947146976478964,-1.7220279720279676,6.917084205534594,-6.41240270152368,-3208.555221369925,0.7451510919668792,4.739663858385399,1.0,41.66666666666667,0.0,1.7946005922217545,-0.009299785265725061,13.43567616897669,0.42957542671914406,17.0776331953686,235.05000000000004,291.6455555555555,7.967755527375054,30.82856842734036,77.84330411511182,121.29743966677944,146.78639063482305,159.00768968336695,163.56351315614947,163.95683055781186,162.14409733999577,18.362879586630722,34.90744027236992,80.91807700318407,124.53826196392035,150.11221842058268,162.33654770450758,166.84485309065684,167.16393423187205,165.26490667789028,2.0428587313053455,16.54418987345961,16.37463755598475,22.09423432335781,28.226048665692748,31.42345690005884,32.70641133135748,32.92692161227623,32.587399732329295,31.965310526408913,273.71021856908357,268.1287550898663,488.1551903354423,796.7098232780554,987.4336435498557,1069.709342175949,1084.1821668609837,1061.9386213146156,1021.7810770497484,0.0
199405,67875.93250000001,8.0775,1.0,617053.9318181819,0.04993159836146634,2.0,9.0,60.15,83.75,0.08333333333333333,0.16666666666666666,0.25,0.3333333333333333,0.4166666666666667,0.5,0.5833333333333334,0.6666666666666666,0.75,0.8333333333333334,1.0,0.01257874228395099,9.25628089065109,6.599383103995203,2.9951394375857334,3.5267456211419748,17.772383336886627,0.0106066915294924,8.333333333333334,0.0,0.0,0.0,0.0,0.0,0.0,0.0,0.0,0.0,0.0,0.0,17.762500000000003,0.9545896495091744,0.09242192677958912,0.9267330541427686,0.1946617260342848,0.9267330541427686,0.1946617260342848,0.5835979142482791,0.08143166821629057,0.42982470928590877,0.01823716542874528,0.42982470928590877,0.08143166821629057,0.5835979142482791,-8.691749434824633,20.466943387558466,6.315555861468529,-68.84154420293103,-24.37939318265772,-30.89428739992521,238.1872447551936,-205.68994214157948,2.5431191359572556,-146.31418949012297,12.632640312590693,243.21836052527703,102.4,0.044931847327730735,41.66666666666667,73.22916666666667,12.757638888888886,22.672727272727272,-0.5181818181818172,75.19999999999999,8.600000000000009,16.25,-13.549999999999997,0.0,30.85,4.0,0.0,71.55000000000001,5.0,33.333333333333336,75.20856140316296,249.83412655481916,-0.7850064042237856,-1.8770979020979026,6.750162558481849,-6.523810150495812,-3192.4052478396443,0.71388104316806,4.787998903487639,1.0,41.66666666666667,0.0,1.8158348322461935,-0.009385630684209332,13.24724961993346,0.42226176611163346,17.14108682782072,249.39999999999998,293.8168576388889,10.054481337189477,30.843976505547023,75.96346352827779,118.86178678784547,144.34297420304756,156.69694854936614,161.40447140800345,161.937225145093,160.24591332038324,27.072947498774777,35.836010351109216,79.53859300757172,122.13288341007028,147.46264601520693,159.7302930542934,164.3611380517504,164.81453892004353,163.04151713624705,2.0538684635852507,25.13666428370168,18.244691041781717,23.57837963924044,28.0769808145139,30.171804189086316,30.981169031005784,31.035146385501967,30.6621485179039,30.0629934338776,631.8518913115238,332.86875121007,555.9399864121481,788.3168516585815,910.3377680245667,959.832834527752,963.1803111695359,940.1673517339965,903.7835742053677,0.0
199406,67052.9125,7.938750000000001,1.0,609571.9318181819,0.04883189786871673,2.0,9.0,60.15,83.75,0.08333333333333333,0.16666666666666666,0.25,0.3333333333333333,0.4166666666666667,0.5,0.5833333333333334,0.6666666666666666,0.75,0.8333333333333334,1.0,0.2898565200617246,7.954161334107417,5.639904940414955,3.6523214334705085,3.8801236304012363,16.73229420001467,0.1599789137517143,8.333333333333334,0.0,0.0,0.0,0.0,0.0,0.0,0.0,0.0,0.0,0.0,0.0,17.762500000000003,0.8199037085276761,0.3338047116979686,0.780620618222809,0.5572995517477146,0.7806206182228093,0.5572995517477146,0.1134990059959304,0.22871350711228805,0.19362823802532014,0.011589784699771677,0.1936282380253201,0.22871350711228805,0.1134990059959304,-25.33590413396619,24.260817331597877,12.657786288406358,16.360801476506122,-11.320753871369265,91.33010719389834,1.8917921366233545,-121.87577056861068,-61.420068917752786,-94.63679579480244,310.39050068474313,23.355911386855126,102.4,0.050094047121630465,41.66666666666667,72.74583333333332,13.137499999999998,21.204545454545453,-2.004545454545455,72.35,10.05,15.699999999999989,-13.549999999999997,0.0,30.85,4.0,0.0,71.55000000000001,4.0,33.333333333333336,74.75120539719299,234.55837396176636,-0.6951262182879798,-2.0480769230769216,7.060616825693855,-6.303669857697264,-3155.0429244915176,0.7361800417399282,4.550588887383349,1.0,41.66666666666667,0.0,1.7517334694371745,-0.009225968489643155,13.577662278118089,0.4172284499215728,17.198442981044018,233.25,295.7864409722222,10.756987564473521,31.566900736895576,75.46135713451939,117.42401569229882,142.34275093196942,154.3992055110232,158.9659818210798,159.44637804487954,157.75200879181276,26.001188120551973,39.520936271157225,79.07379729466682,120.06606064865623,144.90437902580413,157.0207520313856,161.63031567948755,162.11818596622507,160.4040520850179,2.0614557745974005,23.671692001589054,23.77888100007762,23.627293497448644,25.049140871126887,27.12600814667046,28.572747611433922,29.22628218420767,29.311409883335365,29.047610012546063,560.3490022180952,565.4351816158525,558.248998014579,627.4594583815596,735.8203179732322,816.401906066703,854.1755703109346,859.1587493488902,843.7636474409663,0.0
199407,66634.965,7.884500000000001,1.0,605772.4090909091,0.05300488752413991,2.0,9.0,60.15,83.75,0.08333333333333333,0.16666666666666666,0.25,0.3333333333333333,0.4166666666666667,0.5,0.5833333333333334,0.6666666666666666,0.75,0.8333333333333334,1.0,0.11097283950617198,7.676500564270987,6.531575308641979,3.207516049382717,4.022182716049384,17.57390931227222,9.87654320987121e-06,8.333333333333334,0.0,0.0,0.0,0.0,0.0,0.0,0.0,0.0,0.0,0.0,0.0,17.762500000000003,0.916514363659866,0.16209353225222994,0.7961123214504158,0.269823970214669,0.7961123214504158,0.269823970214669,0.4862535090964635,0.04232664846301024,0.34008389497104496,0.01152819018118197,0.34008389497104485,0.04232664846301024,0.4862535090964635,-17.54548228963817,0.5358992087422477,22.060819950329844,78.89774040746914,115.37153221720706,-123.69016693721284,-0.41087337639161875,-215.47211359020557,4.6483017931861905,281.42979356703495,-15.820441395179069,32.18446496656871,102.4,0.05297782267117423,41.66666666666667,72.55,12.941666666666663,21.763636363636362,1.0181818181818185,72.35,10.05,19.700000000000003,-0.10000000000000853,0.0,30.85,4.0,0.0,71.55000000000001,4.0,41.666666666666664,74.51787537228903,240.69688808324454,-0.7149752777091369,-0.6821678321678339,6.943215812593569,-6.406541937673124,-3150.4886186103167,0.7337359899156176,4.591586492892913,1.0,41.66666666666667,0.0,1.7650597864832425,-0.009286346153523303,13.436503202453371,0.4218129141229363,17.012091288257302,239.39999999999998,289.41125000000005,10.00096791027311,31.762984551176675,75.37048515288019,116.43846426113011,140.71590582888106,152.40494292184198,156.78017563000563,157.1718719599304,155.4479063011867,24.138131520172347,45.611912568090375,79.60708308363077,118.33875181682198,142.60221173072938,154.56377414913192,159.1556248747217,159.67901135503269,158.02205444616968,2.063194522314041,21.968842348717995,32.734681616304634,25.623771090601714,21.122126362487972,23.11762611630467,25.742836910759234,27.395062669899552,28.184913197168164,28.406304194064017,482.6300341428252,1071.5593805208325,656.5776449035562,446.1442220729094,534.4246372532518,662.693652213948,750.489458687724,794.3893319319042,806.9181179656989,0.0
199408,77223.125,8.162999999999998,1.0,702028.4090909091,0.0612966009210324,2.0,9.0,60.15,83.85,0.08333333333333333,0.16666666666666666,0.25,0.3333333333333333,0.4166666666666667,0.5,0.5833333333333334,0.6666666666666666,0.75,0.8333333333333334,1.0,0.23920138888888826,20.32343332259557,2.716829123799725,12.54309602194788,14.359792361111118,6.993061859160262,2.220973268175584,8.333333333333334,0.0,0.0,0.0,0.0,0.0,0.0,0.0,0.0,0.0,0.0,0.0,18.812499999999986,0.5954454445816642,0.09160142326189526,0.5096873651042647,0.31001429520366475,0.5096873651042647,0.31001429520366475,0.41540391547577415,0.2844605965269289,0.12401216235684218,0.12052522894542185,0.12401216235684212,0.2844605965269289,0.4154039154757741,-25.245877753507465,47.48738157077377,330.64614382414106,-68.59804327685572,-55.118080724199366,-63.62150135081755,-1.1526141070164875,-175.6663492888913,153.76307176837886,2.0899880379462776,-26.47765041689997,193.88002900782274,128.25,0.033878545851739675,41.66666666666667,76.85833333333333,17.25,24.79090909090909,4.045454545454546,73.4,10.399999999999991,23.6,-0.10000000000000853,0.0,30.85,4.0,0.0,97.4,3.0,50.0,80.22007489816167,273.9401191429994,0.32717590577751143,1.6419580419580448,8.843443671892857,-4.505537499321744,-3358.061628851291,0.8019675713889212,3.8124401555300733,1.0,41.66666666666667,0.0,1.4903027581538866,-0.008309086111597957,14.931493531428043,0.2839655110020318,22.979491158180352,272.7,528.057013888889,10.899566667074389,33.26640549214582,78.0937285670931,120.26785584223605,145.24859413760356,157.2937608092378,161.80865088155556,162.21709105938717,160.44263704887427,30.194617493536192,54.11128623374708,84.43807575536972,121.94847681990204,146.63270128176353,159.08852934303044,163.997938158137,164.68377353587013,163.08460333142466,2.0745626648231528,28.158735270799408,42.67760025473124,32.11165202475179,20.176071218285117,20.09962651982904,23.829246295561887,26.707381376896322,28.396489822586386,29.23607464368855,792.9143720509627,1821.3775635026361,1031.1581957587457,407.07384980531305,403.9949862366149,567.8329790145499,713.2842200109885,806.3606342442522,854.7480605713286,0.0
199409,74512.4225,8.41275,1.0,677385.6590909091,0.060456953335532734,2.0,9.0,60.15,83.85,0.08333333333333333,0.16666666666666666,0.25,0.3333333333333333,0.4166666666666667,0.5,0.5833333333333334,0.6666666666666666,0.75,0.8333333333333334,1.0,0.11667133487654364,24.304770971692143,2.3961015453532237,13.227325960219481,19.139693074845685,2.0526818875328185,7.453732000171466,8.333333333333334,0.0,0.0,0.0,0.0,0.0,0.0,0.0,0.0,0.0,0.0,0.0,19.71249999999999,0.6488968505311314,0.20254900706660084,0.8222758750190002,0.17556976217008402,0.8222758750190002,0.17556976217008402,0.3573738427662958,0.25994008085939047,0.013153661967012287,0.34332695768349725,0.013153661967012287,0.25994008085939047,0.3573738427662958,-7.7477973020975925,-38.93851685678755,-93.1918224260212,-67.43086804710727,-22.87198282139931,16.35369383270012,-122.4577126672804,229.1773212246474,-96.11542245972,176.93997173717085,315.1577615198129,-79.17819155897378,128.25,0.03182904716858821,41.66666666666667,75.34583333333333,17.361805555555556,28.34090909090909,0.4954545454545444,68.1,9.250000000000004,23.75,-0.10000000000000853,0.0,30.85,3.0,0.0,97.4,4.0,50.0,78.79954658287487,312.9769225413542,0.508241138006784,1.5222027972027976,9.57092941484535,-4.247973881504096,-3238.6464880729554,0.8409990943341281,3.518437922894395,1.0,41.66666666666667,0.0,1.389457251348462,-0.00793495058665096,15.5270909370408,0.3598912194535294,23.07322996401289,311.75,532.3739409722223,12.809053623504118,36.373420674822405,80.11273717117238,121.0211118918458,145.06940766262932,156.5248466644716,160.6831027437477,160.8795837715542,158.9817171067422,35.19844038488442,57.157672009191735,86.3865010182318,122.9646055714898,146.87161632210308,158.80077592470485,163.37342839330373,163.84761765307988,162.11663035889094,2.090820205929249,32.78503242027463,44.09051755108736,32.31991493051334,21.775782415642443,22.937712211136382,26.78915472634352,29.526557497008426,31.045149960683705,31.727203859039914,1074.8583507984586,1943.9737379227427,1044.5769011156192,474.1846998134026,526.1386414809151,717.6588109519734,871.8175976241445,963.8013360813394,1006.6154647130771,0.0
199410,74639.84000000001,8.234,1.0,678544.0000000001,0.056375368034015064,2.0,9.0,61.2,83.85,0.08333333333333333,0.16666666666666666,0.25,0.3333333333333333,0.4166666666666667,0.5,0.5833333333333334,0.6666666666666666,0.75,0.8333333333333334,1.0,0.5790075617283974,19.001001319308866,5.606722873799727,16.142614026063104,13.914209567901235,0.8739966916650651,9.508837465706446,8.333333333333334,0.0,0.0,0.0,0.0,0.0,0.0,0.0,0.0,0.0,0.0,0.0,19.71249999999999,0.6727425845626365,0.31902605072576884,0.6970398923426281,0.4462495788829768,0.6970398923426281,0.4462495788829768,0.26530164367236786,0.21613553754480824,0.13743100644989564,0.18517193186482594,0.1374310064498957,0.21613553754480824,0.26530164367236786,-30.58858693727255,-17.572841149276883,-28.027274670701424,-28.255869818316498,-14.079391511234146,-24.62485889980571,81.00028005270221,54.43658731929044,54.2433497484526,258.9444698699113,229.04110391314512,-233.1365799562679,128.25,0.032290894805071906,41.66666666666667,75.43333333333334,17.28888888888889,24.9,-3.7454545454545465,68.1,8.725000000000001,19.700000000000003,-4.3999999999999915,0.0,30.85,3.0,0.0,97.4,3.0,41.666666666666664,78.86689208195456,275.22729554784456,0.5051816391844054,0.28741258741258585,9.553517185549971,-4.2643502714281265,-3241.1852093240623,0.8393385270858326,3.5353634964318723,1.0,41.66666666666667,0.0,1.3957947468386012,-0.00794390544743144,15.539096709006197,0.35766061685732176,23.017360597794198,273.9,529.7988888888889,12.151944462572073,36.41860048526336,80.13303086422421,121.5563953618606,146.12974840836264,157.9430360350469,162.31626310157716,162.63245343944814,160.79462326154467,30.48350335926645,53.476170463057365,85.84492545578476,123.93894066378056,148.33926578979626,160.44659892801806,165.0782677707979,165.55846668305992,163.80810684165047,2.0819083738456032,27.956648991482734,39.158477320865586,30.790397708092904,24.184783635400855,25.50753624253929,28.233109563067256,30.071003025287112,30.988562062664126,31.275949181815484,781.5742228329726,1533.3863460887444,948.0485910225328,584.903759491153,650.6344051644555,797.1084756001597,904.2652229468266,960.2909787115864,978.1849972235046,0.0
199411,73895.77,8.12825,1.0,671779.7272727273,0.06276263918760168,2.0,9.0,61.2,83.85,0.08333333333333333,0.16666666666666666,0.25,0.3333333333333333,0.4166666666666667,0.5,0.5833333333333334,0.6666666666666666,0.75,0.8333333333333334,1.0,0.04237283950617464,18.48778694861757,5.101456095679014,16.66552993827161,20.070530169753088,3.9900298723700858,5.063269135802466,8.333333333333334,0.0,0.0,0.0,0.0,0.0,0.0,0.0,0.0,0.0,0.0,0.0,19.71249999999999,0.8515370674727323,0.13115065745226268,0.5578231920371199,0.3750488064396065,0.5578231920371199,0.3750488064396065,0.46703785270728704,0.2506922720958259,0.06479352983089948,0.27454158804597784,0.06479352983089948,0.2506922720958259,0.46703785270728704,-29.58865978950262,-45.12604003133283,160.4152442769331,-14.839720257877682,-8.282792561600877,146.7173292877722,-118.33919585852529,207.89971268868354,169.25543234417455,113.17904432236415,-219.7148388930569,-80.38788728249146,128.25,0.030928043370934907,50.0,75.12500000000001,16.92916666666667,26.15,1.8227272727272725,68.1,8.725000000000001,19.700000000000003,-0.10000000000000853,0.0,30.85,4.0,0.0,97.4,3.0,41.666666666666664,78.47280314435909,288.96958320261535,0.5189795269297899,2.4080419580419603,9.538149707253288,-4.293217283381557,-3223.6987999973976,0.8414523151309805,3.582048036397625,1.0,50.0,0.0,1.4104893325591166,-0.00795180872198402,15.584234316028441,0.3604141866952729,22.67631381713821,287.65,514.2152083333334,9.447425742675266,32.450924226851306,78.07978121288323,120.76133509637329,145.96369757092737,158.09400087577777,162.63385826770198,163.0404113580351,161.2520053410744,28.382926457387473,41.76539623280876,83.31782776451884,124.85867886795994,149.90890759627644,162.03272307217358,166.55190575649257,166.90735554492815,165.04605989412752,2.0691658347817747,26.764466389638756,26.292315213892284,29.075903926555917,31.7236447211507,34.16547333393467,35.509016225084046,35.9133047223533,35.719596851080986,35.18511986704099,716.3366611221027,691.2858393066717,845.4081891463098,1006.3896343937927,1167.2795681318012,1260.890233273282,1289.765456080604,1275.8895992037549,1237.9926600580422,0.0
199412,88388.3875,8.62925,1.0,803530.7954545454,0.07054572044319737,2.0,9.0,61.2,87.75,0.08333333333333333,0.16666666666666666,0.25,0.3333333333333333,0.4166666666666667,0.5,0.5833333333333334,0.6666666666666666,0.75,0.8333333333333334,1.0,0.02027874228395017,17.153988496092815,22.440239919838838,39.066340775034305,8.340614371141973,1.0456001656012919,11.51422294667353,25.0,0.0,0.0,0.0,0.0,0.0,0.0,0.0,0.0,0.0,0.0,0.0,25.375,0.008089872589572167,0.09629778403761183,0.5617589107119956,0.3486111704988597,0.5617589107119956,0.3486111704988597,0.1663595635711396,0.5073193762135048,0.08396561478970006,0.24271469666058546,0.08396561478970006,0.5073193762135048,0.1663595635711396,-23.68174622964099,-74.16399476779854,206.94604941987066,62.47143091149867,6.265106621636482,84.53090206535316,-72.89104408923068,150.96615176609808,50.27950835588484,-113.52075613270306,3.5341160099856874,123.76757466538503,143.8,0.028748951756776445,50.0,80.55416666666667,23.263194444444448,28.886363636363637,7.286363636363637,68.1,11.324999999999996,35.949999999999996,3.1499999999999986,0.0,30.85,3.0,0.0,112.95000000000002,3.0,41.666666666666664,85.82365034379121,319.04737193644075,0.7164624720366252,5.209615384615386,10.930837315486954,-3.455572977521273,-3452.0529572967243,0.7863672785278397,3.3466788593450802,1.0,50.0,0.0,1.3035345358176456,-0.007235569380606704,16.496063510048916,0.4533217934248991,29.609545605635734,317.75,876.7251909722223,10.325024693248546,31.280628310888332,80.19320844856176,126.51545746616777,153.94683332766962,167.23617095667757,172.30934105999503,172.90209094884491,171.10918793411827,39.973979141994576,38.055576343615286,86.1660646270701,132.15938058666487,159.3517541886632,172.47575601783132,177.39808417969198,177.83971547592296,175.89591237510678,2.0651172584767514,38.61752029232878,21.673697961372042,31.52205596153186,38.20917297164682,41.150383611660814,42.18944817927086,42.184964787177364,41.61527779643677,40.755586056365644,1491.3128735284247,469.7491833207826,993.6400120419461,1459.940899177226,1693.354071386843,1779.9495376713812,1779.571254095394,1731.8313460746033,1661.0177947978257,0.0
199501,100644.35500000001,9.3345,1.0,914948.6818181819,0.07139847758972671,2.0,9.0,61.2,98.7,0.08333333333333333,0.16666666666666666,0.25,0.3333333333333333,0.4166666666666667,0.5,0.5833333333333334,0.6666666666666666,0.75,0.8333333333333334,1.0,0.49556543209876697,20.861301814643106,40.063747590877924,39.92180209190672,5.149341280864198,0.19055890209215426,7.820280109739367,25.0,0.0,0.0,0.0,0.0,0.0,0.0,0.0,0.0,0.0,0.0,0.0,39.45,-0.7438016360198856,0.010331022116056002,0.7722232732134562,0.17754821367055418,0.7722232732134562,0.17754821367055418,0.10693441418571847,0.3840869961585589,0.23406308994027603,0.2094045929117705,0.23406308994027603,0.3840869961585589,0.10693441418571847,-31.387522889259273,-47.27862796810573,14.704886994916686,-31.787563113843,-6.232447839940393,113.90874819106368,-32.92544432404908,98.98481890211848,-83.1341290358253,70.25546980239353,112.76518855900677,194.10385514725286,143.8,0.038082062983830864,41.66666666666667,85.89166666666667,26.123611111111114,30.063636363636366,5.536363636363637,76.0,13.274999999999999,35.949999999999996,-0.10000000000000853,0.0,30.85,3.0,0.0,112.95000000000002,3.0,33.33333333333333,91.58072713913847,331.873477368315,0.3558136062956079,6.254545454545456,8.830945732835238,-3.7739574176119293,-3966.419388404373,0.7169056939378234,4.460112868662799,1.0,41.66666666666667,0.0,1.5493455469553161,-0.008315513623113304,14.014221989302063,0.40103259415447823,31.7750087420217,330.70000000000005,1009.6511805555556,12.746743305887078,34.6190081773803,85.47447210355394,134.67709468556413,164.04497150949837,178.35111049264933,183.8630228243651,184.56523048695612,182.70001111727981,43.7348097337046,49.4890639778935,93.48474395531453,141.35228943062532,170.2512923791827,184.3066348718906,189.61867524960766,190.13350468667718,188.08740187008365,2.07078786986691,41.83603850195625,35.36512019239455,37.8617481240565,42.92493324787891,45.54942238085825,46.47383181790783,46.3641115659857,45.67740469570769,44.694257796546765,1750.254117537166,1250.6917262225127,1433.511971009496,1842.5498943348605,2074.7498792298306,2159.817043839182,2149.630841303169,2086.4252997354592,1997.5766799841813,0.0
199502,114272.36500000002,10.157250000000001,1.0,1038839.681818182,0.07188054675336421,2.0,9.0,61.2,127.7,0.08333333333333333,0.16666666666666666,0.25,0.3333333333333333,0.4166666666666667,0.5,0.5833333333333334,0.6666666666666666,0.75,0.8333333333333334,1.0,2.6565124999999896,34.087841759474344,39.218162791495196,22.24002225651577,5.645208333333338,0.3465430827753341,5.034434585048012,16.666666666666668,0.0,0.0,0.0,0.0,0.0,0.0,0.0,0.0,0.0,0.0,0.0,60.400000000000006,-1.0993019225702638,0.07674984558786624,0.7666859157630939,0.33105776684098137,0.7666859157630941,0.3310577668409813,0.10652350393660748,0.27952138221862,0.02274738567603245,0.5204200844220693,0.02274738567603244,0.27952138221862,0.10652350393660748,13.64342246990831,-74.26538415542785,-97.1324639453355,-125.01937202027823,-78.1732691467887,278.2292723160525,-260.7377751721914,-2.234567574054826,112.3858674755435,96.23919644556531,168.3410897540274,46.97336087905513,143.8,0.039054633047126454,50.0,91.53333333333335,29.21388888888889,27.41363636363637,9.422727272727272,85.8,22.4,19.700000000000003,6.799999999999997,0.0,30.85,3.0,0.0,112.95000000000002,3.0,33.333333333333336,97.58430756701271,302.7827079627872,0.052135670675007774,7.2562937062937065,10.754770001402221,-3.353067497308199,-3994.4006108859385,0.8325452560386305,3.406973037353492,2.0,50.0,0.0,1.3273955454677002,-0.00732611828499314,16.26793940724432,0.39866403032364783,33.82818310554415,301.55000000000007,1144.3459722222224,12.112091569001286,39.26367500978117,92.79880874309184,144.6061840122759,175.635638835014,190.76379043643752,196.57649238437827,197.2862759151458,195.27023848445018,41.78425682257547,62.95760276307194,103.65969711769004,152.24236697007424,182.5523576580779,197.41674849289618,203.03906417220642,203.56394441520501,201.36164526045897,2.082621474786504,39.990265766047024,49.21405866618856,46.192141132386325,47.61081648174667,49.77434738436393,50.81878436002148,50.81873888419334,50.16377977594621,49.15329230300733,1599.2213560390726,2422.0235703990497,2133.713902394297,2266.78984605856,2477.4856575393364,2582.548843830364,2582.5442217798236,2516.4048014096297,2416.04614422488,0.0
199503,118040.33250000002,10.599750000000002,1.0,1073093.9318181819,0.06438409134437163,2.0,9.0,65.6,127.7,0.08333333333333333,0.16666666666666666,0.25,0.3333333333333333,0.4166666666666667,0.5,0.5833333333333334,0.6666666666666666,0.75,0.8333333333333334,1.0,0.5674083719135806,32.5909300946002,39.053775250771615,21.032822839506178,11.405248398919754,0.6494161631158535,10.026490779320993,16.666666666666668,0.0,0.0,0.0,0.0,0.0,0.0,0.0,0.0,0.0,0.0,0.0,59.712500000000006,-1.4365586288469119,0.13385280735390254,1.0442612157034623,0.3083697071251307,1.0442612157034623,0.3083697071251307,0.06648184529706731,0.39186551861341157,0.03957814109127406,0.45912928176840617,0.039578141091274034,0.39186551861341157,0.06648184529706734,-0.6708551937087985,-62.49819364651884,-351.988185538655,21.584622200126358,-26.389587159910647,130.4166573770847,-81.38791363902187,175.85784387438477,100.21146997061027,127.35376641132292,-12.84642514686859,47.7144039477911,143.8,0.04635239864730281,50.0,94.6875,26.58541666666667,28.577272727272728,-1.3772727272727265,85.8,18.975,19.700000000000003,-0.10000000000000853,0.0,61.2,3.0,0.0,82.60000000000001,3.0,33.333333333333336,99.18011078336221,315.5808731854727,0.4425434713512928,3.619755244755246,8.465009309211421,-4.299268055136117,-4267.885745616745,0.7750135885038285,4.8467606189454955,1.0,50.0,0.0,1.7162256026647462,-0.008503709498119837,14.539140258407398,0.35012309650889095,29.512229986058326,314.35,870.9717187500002,14.470093998029773,44.161272572948754,101.48059311663695,154.66998114249998,185.8887229158822,200.78183782729533,206.22703713236055,206.54350682189616,204.14713343463845,37.804194432482504,65.37304753299604,109.72186341672189,160.06010768606393,191.09216363470358,206.10994199143852,211.62872958053214,211.942170380261,209.48872312297325,2.078919937735189,34.92525585270813,48.20183967950895,41.720217309277686,41.187801663272644,44.28992769574932,46.561376551899876,47.509244779074145,47.53170915514086,47.00503192333401,1219.7734963771236,2323.4173484890835,1740.5765323333537,1696.4350058530847,1961.5976952947024,2167.9617864078114,2257.128339477984,2259.2633752089014,2209.473026113649,0.0
199504,123419.47000000002,10.740249999999998,1.0,1121995.1818181819,0.06364409156837247,2.0,9.0,65.6,127.7,0.08333333333333333,0.16666666666666666,0.25,0.3333333333333333,0.4166666666666667,0.5,0.5833333333333334,0.6666666666666666,0.75,0.8333333333333334,1.0,1.0408038580246826,23.20934627024811,30.048534602194778,25.84769386145406,17.258796604938272,1.3923064732361166,10.971142403978053,16.666666666666668,0.0,0.0,0.0,0.0,0.0,0.0,0.0,0.0,0.0,0.0,0.0,59.712500000000006,-1.563671050557665,0.13589717049283115,0.7223754258135779,0.44660230642724363,0.7223754258135782,0.44660230642724363,0.22831527881257152,0.45049224260131526,0.12161201536832472,0.16117517745754978,0.1216120153683247,0.45049224260131526,0.22831527881257152,-17.025966549213045,-26.968747337718547,107.80589765130335,-111.45450544630759,-33.97186622197626,32.35857193650912,84.95338791272937,269.8467472774949,-67.13443175395099,85.26720054777836,13.452249560661846,-198.93152536625365,143.8,0.062407043428959266,50.0,96.98333333333335,27.075,31.031818181818185,3.9318181818181817,93.225,26.4,37.5,6.799999999999997,0.0,61.2,4.0,0.0,82.60000000000001,3.0,25.0,101.4147712778239,342.5607662837481,0.22259562755481485,3.7699300699300697,9.467512938047653,-4.12449470609316,-4223.9755165255265,0.8338620932432976,4.053386633503507,1.0,50.0,0.0,1.5370916856549866,-0.007988136203289775,15.67691441983593,0.3759981436635512,29.651119521678925,341.35,879.188888888889,10.706699449764796,43.12452022388663,104.32701673087509,159.6090331191709,191.77422310583924,207.03603154428697,212.56816476682346,212.8344110950245,210.32201860629706,32.39955843822812,61.27459029535063,111.89465754464499,165.45304062934014,197.60016595177564,212.9442493183132,218.47584767690975,218.67154241850758,216.04712950423863,2.0692459554219704,30.579371705196376,43.529888253045975,40.451056439468736,43.58514884978005,47.62848870498701,49.81299991099652,50.46257371368287,50.18721866694014,49.40658515211987,935.0979738845648,1894.8511713226699,1636.2879670690852,1899.6652002574829,2268.472936321075,2481.3349601329387,2546.4713458088777,2518.756917523265,2441.010656393671,0.0
199505,127819.0575,11.09175,1.0,1161991.4318181819,0.05994419631047585,2.0,9.0,65.6,127.7,0.08333333333333333,0.16666666666666666,0.25,0.3333333333333333,0.4166666666666667,0.5,0.5833333333333334,0.6666666666666666,0.75,0.8333333333333334,1.0,1.2155003472222201,15.873366149301152,37.95904915337792,17.427522153635117,10.932501793981476,1.8801882016933675,16.93027274091222,25.0,0.0,0.0,0.0,0.0,0.0,0.0,0.0,0.0,0.0,0.0,0.0,59.30000000000001,-1.446633800049805,0.12344004635489576,0.8419807926363184,0.38681953397317004,0.8419807926363184,0.38681953397317004,0.16951806805501202,0.3347511631043379,0.08041503494953475,0.3590894814460548,0.08041503494953472,0.3347511631043379,0.16951806805501202,-4.011178997413333,25.49363299488559,-156.4097863669163,65.73341233401298,-147.32407367229376,29.168999960447298,311.9581804653772,150.22302043133416,-270.08368272080276,205.78182919344212,-144.2278322211327,-100.81052200757456,143.8,0.07036947722318868,50.0,99.22916666666667,24.917361111111116,32.50454545454546,2.459090909090909,96.9,29.825000000000003,37.5,6.799999999999997,0.0,61.2,3.0,0.0,82.60000000000001,4.0,41.666666666666664,103.20653140668956,357.8864247590713,0.1034613993637952,2.3868881118881107,8.847104133893577,-4.51481557176484,-4337.185580560939,0.8483588338959346,4.270271756818569,1.0,50.0,0.0,1.5844616731042565,-0.0083072035882833,15.006821252833245,0.3986122593277771,28.375352114800073,357.55,805.1606076388889,11.97385207018747,43.0488913340649,105.3971880348526,163.03130284541578,196.894715349875,213.13129963294656,219.1652070480629,219.654289695554,217.2040491400222,39.354854867477826,54.26066099772386,111.84827610749838,169.04739961917488,202.7772607318365,218.88243813309174,224.759269595492,225.0763691650646,222.4507637043296,2.070134110006152,37.48908465462327,33.030475122495325,37.43620737421341,44.696953034086455,48.48802467825312,49.84546960214008,49.833134445655375,49.10565115004649,48.028567642792765,1405.43146824151,1091.0122868177825,1401.4696225651107,1997.8176105313303,2351.0885371988834,2484.570839857871,2483.341288678764,2411.3649748700623,2306.7433098183205,0.0
199506,140665.095,11.44925,1.0,1278773.5909090908,0.05937919798084947,2.0,9.0,65.6,128.25,0.08333333333333333,0.16666666666666666,0.25,0.3333333333333333,0.4166666666666667,0.5,0.5833333333333334,0.6666666666666666,0.75,0.8333333333333334,1.0,0.01580246913580236,9.84626616773404,57.308419675925954,6.846952160493828,4.273787577160492,4.450102505105473,18.84980000000001,16.666666666666668,0.0,0.0,0.0,0.0,0.0,0.0,0.0,0.0,0.0,0.0,0.0,46.250000000000014,-1.3891695401319488,0.21508447986740023,0.6913039649371531,0.497248888106362,0.6913039649371531,0.4972488881063619,0.13608570192203595,0.4357000966970504,0.11860178776177308,0.33562111566379615,0.1186017877617731,0.4357000966970504,0.13608570192203592,-14.821032160223968,-47.78804646887498,190.4805453427117,37.380011959712434,-57.02230964181068,168.9748271152482,65.86675179608095,145.45330041669564,-122.68936941462879,-98.44472154545711,-12.852897465066837,-62.24337111753258,143.8,0.05967932373069807,50.0,104.575,25.066666666666666,34.08636363636364,4.04090909090909,105.05000000000001,25.174999999999983,37.5,6.799999999999997,0.0,61.2,4.0,0.0,82.60000000000001,4.0,41.666666666666664,108.26860694587327,375.2745350191071,-0.22158596004733017,2.2377622377622384,9.592494777927953,-4.861096253702589,-4321.349646849001,0.716496459444534,3.9081009276087237,1.0,50.0,0.0,1.545249502003304,-0.007923859828494193,16.554087292732124,0.6047852583328557,28.038556043419927,374.95000000000005,786.1606250000001,13.440793230376746,42.67906235927228,106.2799067932886,167.61148202251047,204.21283202271545,222.04746344559305,228.92453676466627,229.80811193233123,227.4918406969219,45.14182935047955,47.22517023508086,111.23197386472957,173.39443256644398,209.8233465837608,227.40041117762405,234.03693379631645,234.70270877273333,232.1888739766019,2.0666733829207504,43.09442927393371,20.21668469026797,32.81971087401241,44.407435630271934,48.197053943900066,49.04967870568043,48.650209124569805,47.68221047052676,46.46649992035807,1857.129834446075,408.7143398657154,1077.1334218537681,1972.0203392567455,2322.956008871213,2405.87098113048,2366.8428478643755,2273.593195355612,2159.135614848636,0.0
199507,135331.855,11.2735,1.0,1230289.590909091,0.05381793277717209,2.0,9.0,61.2,128.25,0.08333333333333333,0.16666666666666666,0.25,0.3333333333333333,0.4166666666666667,0.5,0.5833333333333334,0.6666666666666666,0.75,0.8333333333333334,1.0,0.023112500000001143,26.69359254594028,33.694621433470495,10.781681515775041,7.828136111111114,10.781237975321732,24.61550618998629,16.666666666666668,0.0,0.0,0.0,0.0,0.0,0.0,0.0,0.0,0.0,0.0,0.0,61.312500000000014,-1.419603580275435,0.07857638675326702,0.47935886334395694,0.5755587965417606,0.47935886334395683,0.5755587965417606,0.19131314726219073,0.4806087228118188,0.04253909634716614,0.41888750828491716,0.04253909634716616,0.4806087228118188,0.19131314726219073,-34.322628719673304,-14.178546186388019,-248.47024074148146,3.256571438320381,61.1217716474964,189.50013568244722,125.36102378257233,73.30463765013668,-239.25288109911327,-22.346250314681537,-36.64238580009346,182.1040976177815,143.8,0.031076006010637595,50.0,101.31666666666668,28.325000000000003,38.0,-7.236363636363635,105.05000000000001,28.299999999999983,37.5,-4.3999999999999915,0.0,48.65,4.0,0.0,95.15,4.0,50.0,106.19630211703858,418.318175447344,-0.28337339483509105,-0.6779720279720287,11.52474588346553,-3.8141636676653543,-4073.8366537409775,0.7925847889061458,2.9515393033300583,2.0,50.0,0.0,1.2383635451371577,-0.006930130688503438,17.77583541550268,0.49852771041318344,31.821182235876922,418.0,1012.587638888889,15.760592280654654,42.81678266838549,105.86888696164208,166.35484214536015,202.27821870231608,219.69436565219067,226.34086317969755,227.11098852865152,224.75143096065577,40.085496687058786,47.07536150555206,112.05398121488683,172.77673034655282,208.19050737855878,225.14348362120634,231.4196915344168,231.88882828605918,229.2777413023178,2.0656487660493665,36.85716722173816,19.56560203026362,36.71339645972934,46.66760165294257,49.26265929849616,49.23386962015015,48.2170849902196,46.82977229733402,45.33295642057919,1358.45077561117,382.8127828066559,1347.873479609267,2177.8650440377282,2426.8096011597104,2423.9739177739443,2324.88728495406,2193.0275734201523,2055.076937830132,0.0
199508,126032.495,10.970250000000002,1.0,1145749.9545454546,0.05459544401624359,2.0,9.0,61.2,127.7,0.08333333333333333,0.16666666666666666,0.25,0.3333333333333333,0.4166666666666667,0.5,0.5833333333333334,0.6666666666666666,0.75,0.8333333333333334,1.0,1.953605555555545,28.785124792868878,17.760062577160486,21.6113200617284,11.029661342592588,15.390900052810132,20.34511172839506,8.333333333333334,0.0,0.0,0.0,0.0,0.0,0.0,0.0,0.0,0.0,0.0,0.0,60.89999999999999,-1.3825245472791086,0.15540156865467492,0.7726668103073138,0.6590042897914103,0.7726668103073138,0.6590042897914103,0.14320949401283511,0.3479536884508191,0.22283089203810064,0.3433261061767019,0.2228308920381006,0.3479536884508191,0.1432094940128351,-15.361071436397093,58.670398518366206,141.16061499416836,54.79060710798593,-71.64254267185767,116.5579000253835,-15.424142405479284,-53.85260783524942,-85.09318169386445,34.284964831381984,103.80037276338494,-257.1024521574284,143.8,0.02524381348189521,50.0,97.67500000000001,27.04166666666667,35.56818181818182,1.7227272727272736,96.9,31.050000000000004,37.099999999999994,6.799999999999997,0.0,48.65,5.0,0.0,95.15,4.0,50.0,102.48272008815275,391.57411998565516,-0.019772956586031752,-0.09860139860140213,10.217746218361727,-3.89234896580871,-4166.766839590179,0.8014784814657878,3.628543880792289,0.0,50.0,0.0,1.4556142253514486,-0.007602301944842536,16.699839586931457,0.33029019975314045,31.020997593028287,391.25,962.3022916666667,9.415602737514863,40.55750219545455,104.4053246242387,163.37617768683594,198.0367383008116,214.70789525833425,220.9699147237939,221.57194018605415,219.1696620269257,25.15533990287931,55.96894437378856,113.82936890263706,170.87985479683653,204.60757359221589,220.66932059806746,226.48019773330046,226.72594630812426,224.03105725757467,2.052821087534902,23.3267561122136,38.56957025923334,45.35034084634833,50.08142709455608,51.43646036101137,50.945743364375744,49.65457433383268,48.06797324104807,46.41738750672924,544.1375507186946,1487.6117499819368,2056.6534148799697,2508.1493398273365,2645.709454469894,2595.4687669488353,2465.576752274115,2310.5300515021136,2154.573862949864,0.0
199509,122629.135,10.909,1.0,1114810.3181818181,0.04699135058728091,2.0,9.0,48.65,127.7,0.08333333333333333,0.16666666666666666,0.25,0.3333333333333333,0.4166666666666667,0.5,0.5833333333333334,0.6666666666666666,0.75,0.8333333333333334,1.0,2.3412075617283965,47.05647335397315,35.02246163408782,6.670595610425231,1.3578454475308648,3.583327177576949,46.56303705418384,8.333333333333334,0.0,0.0,0.0,0.0,0.0,0.0,0.0,0.0,0.0,0.0,0.0,61.999999999999986,-1.1148015521975227,0.038269229435909116,0.836395228901365,0.8313783640267836,0.8363952289013651,0.8313783640267836,0.08752435095808167,0.21823909312491466,0.1052235225413066,0.5937343561620172,0.10522352254130658,0.21823909312491466,0.08752435095808166,-0.18374857048146254,98.55938494356529,-106.96021598884138,-66.85296951632604,-104.08828413547397,24.59636171253037,-83.9438358602741,228.53944983861982,48.30584530787044,-183.1688846262845,-110.67164496451755,49.31686866399089,143.8,0.025139604237778966,50.0,94.70833333333333,30.073611111111116,40.12727272727273,-2.836363636363636,96.9,33.04999999999999,37.5,6.799999999999997,0.0,30.0,4.0,0.0,113.80000000000001,5.0,50.0,101.08953745731223,441.6210794494924,-0.28356060901770885,-4.1594405594405615,10.659192508644699,-3.4651956483782542,-4091.0921783038357,0.6956670328176826,3.573928718111182,0.0,50.0,0.0,1.4469044899554537,-0.007375272424125578,17.106868512551888,0.31941570757348015,35.347223095394014,441.40000000000003,1249.426180555556,10.219239775996062,42.5535105353731,105.77341436956317,162.40239278031385,195.18325541863825,210.67980482512303,216.26580643552606,216.50070290223536,213.9173896933339,28.53212936780235,59.56409477035789,114.26057816632802,169.2619131963655,201.48848415366913,216.61438321844147,221.89147692256643,221.85540693650606,219.03127604490058,2.061752941822578,26.639248200009497,41.67829323434522,43.21417054055577,47.69756889111458,50.011059284182444,50.356835245613816,49.64804626235977,48.448604002599815,47.05369563220054,709.6495446617092,1737.0801269280664,1867.4645355082384,2275.0580781226213,2501.1060507260113,2535.8108559538937,2464.9284976694157,2347.267229800731,2214.050272647768,0.0
199510,120931.2575,10.485750000000003,1.0,1099375.0681818184,0.03968290497599432,2.0,9.0,45.25,127.7,0.08333333333333333,0.16666666666666666,0.25,0.3333333333333333,0.4166666666666667,0.5,0.5833333333333334,0.6666666666666666,0.75,0.8333333333333334,1.0,0.034307445987654284,64.6180916510366,48.553336962019884,3.5159633058984925,6.183971084104935,9.935829881027914,34.75849712362825,8.333333333333334,0.0,0.0,0.0,0.0,0.0,0.0,0.0,0.0,0.0,0.0,0.0,65.13749999999999,-1.2389392420578098,0.1507016494438611,0.87684056423169,0.6354532517980382,0.8768405642316901,0.6354532517980382,0.02025034959324623,0.16405355019269052,0.09651730249798277,0.48803470093185136,0.09651730249798277,0.16405355019269052,0.020250349593246154,-3.834911050701586,75.5631007533302,0.4810088711680573,70.4986102029954,-129.8850372149794,14.514862905494443,48.35485643042508,202.29452412749924,-164.56342804268945,-145.9071496711191,167.9738903762473,-201.47180529669205,143.8,0.026366932770502435,50.0,93.37916666666666,31.624305555555555,38.10454545454545,-4.8590909090909085,96.9,33.04999999999999,37.099999999999994,6.799999999999997,0.0,30.0,5.0,0.0,113.80000000000001,5.0,41.666666666666664,100.38727405237512,419.39050020126496,-0.2808237315133595,-7.584790209790205,10.844591684862808,-3.218497637930406,-4093.7305691027154,0.7338821222255474,3.4853247150250244,0.0,50.0,0.0,1.4016085093880857,-0.007279924276356268,16.906937194179577,0.2857421211958425,36.85018350436746,419.15,1357.9360243055555,10.722254534559724,42.288966408952554,102.58828891063007,157.73576699327705,189.9850903824773,205.3675714322218,211.0133305175872,211.3782007100167,208.95003897160396,32.35193010591097,58.71255504084244,112.077462938305,165.33054974965626,196.7099426172783,211.5505418042195,216.7973191848102,216.84133705788585,214.14295386082532,2.060080500215781,30.52344409259646,40.72845982217392,45.133143886463564,49.53401348130574,50.99477381903817,50.771964130709804,49.743863436568404,48.367568903631756,46.87308291551528,931.6806392738617,1658.807439486435,2037.0006770762236,2453.618491566179,2600.466956854861,2577.792341690083,2474.451949595967,2339.421721647566,2197.0859020047706,0.0
199511,112414.56749999999,9.674499999999998,3.0,1021950.6136363635,0.03399699887650237,2.0,9.0,35.0,127.7,0.08333333333333333,0.16666666666666666,0.25,0.3333333333333333,0.4166666666666667,0.5,0.5833333333333334,0.6666666666666666,0.75,0.8333333333333334,1.0,2.708628124999995,78.9803411169032,26.338877985682434,13.33622513717422,3.4084705439814744,10.141958244379351,34.70756327589163,8.333333333333334,0.0,0.0,0.0,0.0,0.0,0.0,0.0,0.0,0.0,0.0,0.0,81.02499999999999,-1.5214048735497645,0.05928582701470271,0.7515787902602794,0.5475035545907133,0.7515787902602794,0.5475035545907133,0.09974720148185404,0.4517829503150866,0.11015991249976416,0.41662117386490227,0.11015991249976412,0.4517829503150866,0.09974720148185404,-3.0502031736775903,23.27175226081855,110.23930954316728,-77.58929776487743,-105.88651267602917,134.9796150459892,40.86917007020228,82.91149274129663,-199.1692897399531,156.80799169685923,-181.8987052071867,-6.94712748365518,143.8,0.023209538677844175,50.0,88.07083333333333,36.045833333333334,34.93636363636364,-9.890909090909092,89.82499999999999,41.77499999999999,35.9,-10.25,0.0,30.0,5.0,0.0,113.80000000000001,5.0,41.666666666666664,96.7878123784188,384.5780800510896,-0.07473145449003332,-9.588286713286708,11.615930273029148,-2.817807869673232,-3874.714201020834,0.6647005904391736,3.3695753173865706,0.0,50.0,0.0,1.3576737150990672,-0.006883235859585007,17.47635873760809,0.32458503389890625,40.142358438091584,384.3,1611.4089409722226,12.371713518004094,39.283226909027384,94.6485351499934,146.66460958968403,177.3438625309851,192.09344077388278,197.6060272534946,198.09342577528002,195.91419353584604,35.37121914578846,54.957975815972084,106.47542791778034,156.01549807770334,185.18037041759857,199.0081473579234,203.90167304462733,203.93436300661136,201.39894819820705,2.062383481146338,33.137046465969576,38.43445315602706,48.7716264259754,53.200826444139246,53.30031904773249,52.00339149020707,50.27673680231513,48.45842630055149,46.68152853691877,1098.0638484878266,1477.2071894028386,2378.671544234902,2830.3279343394256,2840.924010590075,2704.3527264837417,2527.750263489268,2348.21907952598,2179.1651065431615,0.0
199512,92961.1275,8.667,3.0,845101.1590909091,0.03269266124165716,2.0,9.0,35.0,111.4,0.08333333333333333,0.16666666666666666,0.25,0.3333333333333333,0.4166666666666667,0.5,0.5833333333333334,0.6666666666666666,0.75,0.8333333333333334,0.953509509058145,2.6265046682098743,90.60681190683675,4.635794858110418,11.513104972565156,5.985756963734567,11.294240952388222,33.28297850222907,8.333333333333334,0.0,0.0,0.0,0.0,0.0,0.0,0.0,0.0,0.0,0.0,0.0,72.78750000000001,-1.539234948084075,0.09029356068816226,0.5516215324559682,0.5644671827061296,0.5516215324559682,0.5644671827061295,0.18730227848815006,0.3514526214488223,0.17195077229833322,0.06342161172696761,0.17195077229833322,0.3514526214488223,0.18730227848815006,-23.725477544905086,9.819891911370473,28.886687243525813,79.27912569166347,-5.891745746780186,149.6172541035103,-13.164795204720281,-74.25794439484177,12.698847422019783,-145.43219177188075,57.6554437851635,45.79532976883636,134.5,0.03493139833742268,50.0,79.00416666666666,35.2375,33.47272727272727,-8.427272727272728,76.625,38.2,35.9,0.0,0.0,30.0,4.0,0.0,104.5,5.0,41.666666666666664,88.01568397166496,369.4470540452833,0.17075209918565704,-9.096328671328672,12.24091338290105,-2.4442882825623196,-3534.541389324937,0.7974911972322507,2.8126892038204168,1.0,50.0,0.0,1.1367789801336166,-0.006561815974508029,17.026650316840357,0.1637390302498728,38.795647620648836,368.2,1505.1022743055555,11.302746493655805,34.25838657664264,83.66835038116075,130.8182066181459,158.8378805709107,172.4229770638525,177.59832758302517,178.1819349873252,176.31935580586617,34.21844625156178,49.846552691753025,98.50253090727429,141.76971279667262,167.356101175498,179.53731597481834,183.8337180281397,183.8159687245366,181.51146891446484,2.0609978059442717,32.29783252125711,36.20831070924217,51.984187399956994,54.63742566833768,52.71235430527308,50.03963237155076,47.47283353415984,45.1609167567758,43.10334227981749,1043.1499855711734,1311.0417644170213,2702.355739633848,2985.2482836631248,2778.5922964046417,2503.9648078799505,2253.669923762051,2039.5084023124327,1857.898115691102,0.0
199601,84318.84,7.96875,1.0,766534.9090909091,0.036952104061203875,2.0,9.0,35.0,95.1,0.08333333333333333,0.16666666666666666,0.25,0.3333333333333333,0.4166666666666667,0.5,0.5833333333333334,0.6666666666666666,0.75,0.8333333333333334,0.953509509058145,3.56444999999998,85.49859273714709,3.2258853480795593,7.0735049725651535,0.9961131944444448,28.55886201250998,14.291442043895742,8.333333333333334,0.0,0.0,0.0,0.0,0.0,0.0,0.0,0.0,0.0,0.0,0.0,56.4875,-1.270152367786585,0.0773017070556411,0.5008337788003662,0.5378300949489807,0.5008337788003662,0.5378300949489807,0.2942384367267162,0.3278383901792602,0.0410078852553451,0.08802849798953141,0.04100788525534508,0.3278383901792602,0.2942384367267162,-33.396886446045414,51.0593629462991,382.6434063198649,22.785562804355603,22.013957933498897,84.1077565934602,-218.1737638090326,-4.434824256663751,-144.64311573568702,22.125048121700214,44.40359800427255,2.5526380124116987,134.5,0.047526054176375135,50.0,75.65833333333332,31.891666666666662,37.63181818181818,-4.2681818181818185,76.625,33.075,37.099999999999994,0.0,0.0,30.0,4.0,0.0,104.5,4.0,41.666666666666664,83.82463838275713,415.1334318209483,0.28743861882986277,-6.554195804195805,12.495318757334214,-2.571452813688358,-3270.362011874944,0.7121153115235287,2.751608410813039,1.0,50.0,0.0,1.1497029561009044,-0.0064309789247995455,17.825313333769298,0.1913866130322046,36.088593727412295,413.95,1302.386597222222,10.32290503680605,31.123104790447602,77.97907889613408,122.0377274365684,148.00278536108462,160.50454037241946,165.2090935368327,165.67274543076948,163.88484836958864,27.34161431833382,53.56666914596957,92.84744900469309,130.6307204367784,154.11618038395457,165.56878696310565,169.74140665026678,169.88024722266545,167.8619053270994,2.0726994010029367,25.318007526928366,43.59748148226667,50.39754003113226,46.59590329577915,42.976418900372984,40.63638438976387,38.96280975942707,37.57445698696625,36.32321206778154,641.0015051336014,1900.7403915965854,2539.9120411895783,2171.1782039496024,1846.9725815003364,1651.3157362726445,1518.1005443493052,1411.8398178653767,1319.3757349210305,0.0
199602,67950.84,7.598,1.0,617734.9090909091,0.03889459129570731,2.0,9.0,35.0,87.55,0.08333333333333333,0.16666666666666666,0.25,0.3333333333333333,0.4166666666666667,0.5,0.5833333333333334,0.6666666666666666,0.75,0.8333333333333334,0.953509509058145,0.02531249999999858,72.71884120623221,7.969732415980798,7.431441700960221,0.6515627314814827,40.70369224712853,6.547508247599452,8.333333333333334,0.0,0.0,0.0,0.0,0.0,0.0,0.0,0.0,0.0,0.0,0.0,49.5625,-0.9832842903356886,0.051100397300593715,0.5132592422960038,0.6503933596184281,0.5132592422960038,0.6503933596184281,0.13104731707420694,0.10052465749128382,0.3494145762183586,0.22022160524972573,0.34941457621835853,0.10052465749128382,0.13104731707420697,-14.943216151866261,93.77856332615652,-233.9808332088264,6.202205566126054,-73.3089031669393,-55.52435359646798,14.657196628094573,-151.4595017613088,134.04773844547518,-27.556855121706064,211.15724118815208,125.5881304772889,132.2,0.047148172970791484,50.0,67.90833333333332,28.674999999999994,35.836363636363636,-2.472727272727272,58.675,24.775,37.099999999999994,0.0,0.0,30.0,3.0,0.0,102.19999999999999,5.0,50.0,75.25004983387053,395.38668995903816,0.5315825127517533,-5.193356643356645,11.257790806214745,-2.8416625597357448,-3029.4049481472243,0.6549119834342335,3.010158798296712,1.0,50.0,0.0,1.2599974446706734,-0.00706742187108956,16.856425596862135,0.16868357448827742,32.41956606570928,394.2,1051.0282638888887,10.43342029151546,31.63252318827679,72.79736799520438,111.24572279363669,133.92870559839506,144.8090055729653,148.83386354391408,149.12738955768037,147.44199147583421,29.997295226252305,60.95102852228677,87.99558676775483,118.41354852741652,138.67504880347064,148.78548735836213,152.5131782217875,152.65337697099469,150.86087533832136,2.0957726925263525,28.12439264964726,52.10001300064853,49.434466757235924,40.57286821234318,35.970418087414444,34.16830627107884,33.29790674955849,32.620165302469765,31.93529172380566,790.9814619115328,2714.411354667746,2443.7665035722634,1646.1576349761679,1293.8709773833923,1167.4731534342457,1108.750593902293,1064.0751843604523,1019.8628574845701,0.0
199603,63503.399999999994,6.9875,1.0,577303.6363636364,0.032133022011419855,2.0,9.0,30.0,87.55,0.08333333333333333,0.16666666666666666,0.25,0.3333333333333333,0.4166666666666667,0.5,0.5833333333333334,0.6666666666666666,0.75,0.8333333333333334,0.953509509058145,1.9088408950617353,39.3810648737978,30.2283598851166,19.56690877914953,0.9011371141975336,35.14934162483044,7.199607013031552,8.333333333333334,0.0,0.0,0.0,0.0,0.0,0.0,0.0,0.0,0.0,0.0,0.0,54.4375,-1.0415802820296265,0.15563567965103065,0.5905135492703347,0.5887756941741761,0.5905135492703347,0.588775694174176,0.04705294464070212,0.33667196847401526,0.25632466077919497,0.15034447492326722,0.25632466077919497,0.33667196847401526,0.0470529446407021,-16.218034338448444,67.28577804116672,-117.67914104495239,172.74511828987403,-125.17722480441707,27.481087220864264,-20.17793075730853,-58.60625310264439,60.66543205425087,141.09281991805162,220.4447561147329,-221.3482284350798,132.2,0.024427880624229285,50.0,63.55833333333334,32.168055555555554,34.22727272727273,-8.627272727272727,46.95,23.700000000000003,35.9,-10.25,0.0,16.5,3.0,0.0,115.69999999999999,4.0,41.66666666666667,72.74579025620658,377.6949739686776,0.5238746833180496,-7.134615384615381,13.892118491363517,-2.045410607622583,-2766.946305297506,0.855261111442441,2.3534988224890614,0.0,50.0,0.0,0.9371975982735529,-0.005712624775870189,17.75594394086354,0.19984518385599281,35.38768520105389,376.5,1252.2882638888887,11.006809607972665,33.28007122421826,70.54884808158864,104.96290951160046,125.09978304531585,134.6151956021226,137.9873673422647,138.03172768687278,136.3227625907038,30.983177207344806,61.14109662187663,83.90567953476597,111.14100314163412,129.51497890445845,138.647659523407,141.94543085433565,141.96648805014902,140.2271694300002,2.1006357131793036,28.96217208904697,51.29006293071411,45.42051400580769,36.53915989987045,33.52870475633106,33.19521960043112,33.28651069688568,33.19225634195583,32.859754198541886,838.8074121155713,2630.6705554366135,2063.023092551772,1335.1102061883007,1124.174042637217,1101.9226043208466,1107.9917943738849,1101.725881070107,1079.763445988591,0.0
199604,56422.439999999995,6.4025,1.0,512931.2727272727,0.037499472727517635,2.0,9.0,30.0,84.55,0.08333333333333333,0.16666666666666666,0.25,0.3333333333333333,0.4166666666666667,0.5,0.5833333333333334,0.6666666666666666,0.75,0.8333333333333334,0.953509509058145,3.082092746913574,20.29658006469945,22.926598156721532,12.209221536351164,4.580322299382719,33.12600133104814,12.460216889574761,8.333333333333334,0.0,0.0,0.0,0.0,0.0,0.0,0.0,0.0,0.0,0.0,0.0,50.3,-0.42895667178108,0.17715590289993188,0.6123487210112812,0.32422878024741375,0.6123487210112812,0.32422878024741375,0.2043337666388804,0.2507199766396631,0.1705261262718293,0.15845224262047833,0.17052612627182928,0.2507199766396631,0.2043337666388804,-20.058704969625676,-28.58154694121446,271.08457937102435,105.26452459485597,1.4940300932864143,-97.61303470200971,45.943885919732345,-89.43533070326556,179.1876495175264,148.47490330709195,-237.74348757033866,103.48188645857236,132.2,0.01582868268425767,50.0,60.35833333333333,28.434722222222224,37.88181818181818,-2.0090909090909084,46.95,21.5,37.099999999999994,0.0,0.0,16.5,3.0,0.0,115.69999999999999,4.0,41.66666666666667,68.57018302440208,417.8731767958228,0.7070472455736024,-4.596853146853144,12.861679750554863,-2.203082906761654,-2718.692955714127,0.8422893880566701,2.649953919575456,1.0,50.0,0.0,1.0431762120486021,-0.0062425646997146395,16.93893923395867,0.23440832948398937,32.538309686002776,416.7,1058.7415972222223,8.81054037027985,29.446378871532207,64.23754914620989,96.52743437917785,115.54561427838509,124.6159457851765,127.9077374148643,128.05764237885305,126.54506779131333,35.10400888443373,53.87255386937603,73.57316369785039,99.65069112167626,117.51687777754599,126.58037991768711,130.052488547483,130.3635663519078,128.96059133216158,2.103961383531662,33.98037401415811,45.11277902948346,35.8684777513482,24.753073611195067,21.43426190969339,22.213928877439947,23.52148989335753,24.41105610902661,24.843106376472125,1154.6658181420714,2035.162831763003,1286.547696198961,612.7146532012415,459.4275836133329,493.45863617196034,553.2604868033203,595.8996603580454,617.17993443271,0.0
199605,48080.67999999999,5.7635000000000005,1.0,437097.0909090908,0.035758124677105235,2.0,9.0,26.5,73.0,0.08333333333333333,0.16666666666666666,0.25,0.3333333333333333,0.4166666666666667,0.5,0.5833333333333334,0.6666666666666666,0.75,0.8333333333333334,0.953509509058145,4.705630246913592,1.055426827971647,9.92322279663923,9.997514026063095,21.26870702160493,16.161701584236855,6.51337620027435,16.666666666666668,0.0,0.0,0.0,0.0,0.0,0.0,0.0,0.0,0.0,0.0,0.0,42.1375,0.3349793810301267,0.031955071578114225,0.2082206888258538,0.5700496345041639,0.20822068882585382,0.5700496345041639,0.053175792586784454,0.15896366896729003,0.32468457262411476,0.16938433900292255,0.32468457262411476,0.15896366896729003,0.05317579258678447,-44.768891500263024,24.048697556735842,-42.05021702186595,-54.76731187480458,-34.01427017965657,-32.786611728771256,22.323173312262863,89.54805157927602,251.2708483113793,-55.10603757343818,-62.7991723711633,319.50064992826674,132.2,0.020840731884662615,50.0,54.64166666666667,26.455555555555552,38.73636363636364,-9.609090909090908,43.375,15.125,46.05,-10.25,8.333333333333334,16.5,3.0,0.0,115.69999999999999,4.0,41.66666666666667,63.2986835039508,427.2704535990852,1.082793250826765,-4.319930069930068,16.391517287915217,-2.046373596413041,-2023.5606591060052,0.7651431474832268,1.7599061287443079,2.0,50.0,0.0,0.6665551273610978,-0.004427219680500743,19.52179054044295,0.41935887062121047,31.953272089446834,426.1,1021.011597222222,11.260484342230312,26.269580557636615,57.86047888199255,87.55014397884686,105.03993011983395,113.39143945391315,116.4399436410378,116.60612244478017,115.24679944249522,32.15515870359743,42.905052303462625,62.672778073464315,89.08267521943812,106.31704669562512,114.92381925649734,118.23133514106864,118.58165610783857,117.33791575596454,2.104765592949291,30.119025940955048,33.92274532653133,24.08406309143463,16.452820838235507,16.429470426648855,18.70469703228627,20.5033688478659,21.555077677211425,22.053609505364804,907.1557236319231,1150.7526504887032,580.0420949922037,270.69531353507654,269.9274985001293,349.8656910696188,420.38813411163784,464.62137367061837,486.3616922151168,0.0
199606,33784.799999999996,5.27375,1.0,307134.5454545454,0.05218743784186972,2.0,9.0,26.5,56.4,0.08333333333333333,0.16666666666666666,0.25,0.3333333333333333,0.4166666666666667,0.5,0.5833333333333334,0.6666666666666666,0.75,0.8333333333333334,0.953509509058145,0.12835555555555456,0.18206108866284082,9.053267206790123,7.408260802469136,21.251847453703704,16.672617460719874,6.440061728395062,16.666666666666668,0.0,0.0,0.0,0.0,0.0,0.0,0.0,0.0,0.0,0.0,0.0,26.799999999999997,-0.8686608638670879,0.21118644994798985,0.30507302478155546,0.4869870784681629,0.30507302478155546,0.4869870784681628,0.2974530306616069,0.08534667060805934,0.1935795152560309,0.3299301932557129,0.1935795152560309,0.08534667060805934,0.2974530306616069,-36.69201516611712,-40.313359031047256,15.314929601636782,228.2054919136607,27.15817965354407,-91.03053345286037,236.17890278728825,96.4142468639662,-209.68468367261144,135.36548795757147,24.951540999488326,35.99785179343245,87.55,0.06213417996081008,50.0,48.324999999999996,18.087499999999995,33.8590909090909,0.7045454545454546,43.375,13.2,35.9,0.0,0.0,16.5,3.0,0.0,71.05,4.0,25.000000000000004,53.06034300680688,373.6311871073429,0.5511753124137184,-0.7269230769230755,14.666546611815164,-2.834877286424941,-1795.604658418034,0.8227076332857254,1.9300667096550848,2.0,50.0,0.0,0.7428805692289453,-0.005314347456780771,18.536334169298488,0.6351048990229982,21.91105599919821,372.44999999999993,480.0943749999999,6.601449391689452,21.46448612370011,50.330484652023124,77.79590752944435,94.05069924306106,101.87906040664485,104.8111002859946,105.07657310791235,103.92593190747681,27.285446993789787,26.08303133830641,51.34724035478261,78.89058852956263,95.40035175681288,103.43170536987034,106.49031849843901,106.82339478498707,105.70099895337214,2.085047406303486,26.47482735694182,14.81891896329013,10.16766476356697,13.096630490737061,15.99040609912407,17.854263535046,18.836697978631086,19.239320603564778,19.28994185847302,700.916483579875,219.6003592405598,103.38140674428136,171.52173021090368,255.6930872149043,318.77472637887337,354.8211907381645,370.1514572867522,372.1018569032696,0.0
199607,31664.4675,4.96825,1.0,287858.79545454547,0.046616172370497,2.0,9.0,16.5,56.4,0.08333333333333333,0.16666666666666666,0.25,0.3333333333333333,0.4166666666666667,0.5,0.5833333333333334,0.6666666666666666,0.75,0.8333333333333334,0.953509509058145,0.7526963348765476,3.2187692375616583,1.6635094157235912,10.820727194787382,13.933986130401227,20.11933084388553,5.425157000171469,25.0,0.0,0.0,0.0,0.0,0.0,0.0,0.0,0.0,0.0,0.0,0.0,31.424999999999997,-0.9583178537812924,0.21042693205693097,0.25196702267981863,0.5213018451179158,0.25196702267981863,0.5213018451179158,0.23184270371525506,0.2874509178854287,0.20905048517894148,0.13386844957633484,0.20905048517894154,0.2874509178854287,0.23184270371525506,-48.21928220883983,8.331609237639961,-111.93947799408771,13.273517991795872,7.891806005719601,37.57057337312249,332.52551410230797,-105.39803902669362,-152.86563659083632,317.12082607201864,-67.73189014332168,14.254843774803778,87.55,0.056854379417040316,50.0,45.57916666666667,19.86388888888889,34.29545454545454,-6.259090909090909,38.25,14.95,40.7,-10.25,0.0,15.7,3.0,0.0,71.85,4.0,25.000000000000004,51.36833290072786,378.42954539010026,0.5676915226980825,-1.9669580419580408,16.812562733665597,-2.541645504680284,-1516.193755632192,0.7332200884364471,1.606921092958864,2.0,50.0,0.0,0.5478586231396585,-0.004210682022686265,19.754390357097027,0.6489175839399997,23.690613984703354,377.24999999999994,561.2451909722222,8.008727414812023,20.319661864254943,47.4583720668561,73.98756282414287,89.92731967381404,97.71780479718008,100.72475670588626,101.10809324751266,100.08838637454768,24.8013804025496,21.84146694163935,49.02188336354174,75.87970028375199,91.80592330588641,99.54981657567255,102.50618309655196,102.83747894702405,101.76561613508694,2.0805024784530985,23.472723639731495,8.010057420834626,12.282018127023917,16.839520851127006,18.477140750937632,19.01043413155675,19.02737395343494,18.78032364023319,18.399878811914096,550.9687550672098,64.16101988506784,150.8479692725441,283.56946249554125,341.40473032996016,361.3966058702578,362.0409595638543,352.7005560319015,338.55554029312526,0.0
199608,31256.175,4.8845,1.0,284147.04545454547,0.0631031700136053,2.0,9.0,16.5,56.4,0.08333333333333333,0.16666666666666666,0.25,0.3333333333333333,0.4166666666666667,0.5,0.5833333333333334,0.6666666666666666,0.75,0.8333333333333334,0.953509509058145,0.03827222222222241,0.684905629085614,2.1657273919753095,19.61396450617284,7.162622453703702,28.778848846223035,9.384074691358029,25.0,0.0,0.0,0.0,0.0,0.0,0.0,0.0,0.0,0.0,0.0,0.0,31.424999999999997,-0.9698881058454862,0.1754696193748997,0.0921726896050929,0.6129851836565026,0.09217268960509287,0.6129851836565026,0.29266642425116357,0.29588938664805764,0.20341320913387773,0.027356108947229875,0.20341320913387773,0.29588938664805764,0.29266642425116357,-63.314804313100225,12.11585691432685,215.50585127578088,131.15342417914178,64.27380164570741,69.36627468805781,-111.60458322569984,-180.18636510570622,108.41689776530608,71.7569526301472,76.52195704026776,159.88687913473592,87.55,0.048870741718838394,50.0,45.375,19.59166666666667,35.37272727272727,4.736363636363635,38.25,14.95,40.7,0.0,0.0,15.7,3.0,0.0,71.85,4.0,33.33333333333333,51.03607792532651,390.2779099507436,0.5497285112409722,1.2090909090909097,16.701245044837105,-2.559714854150571,-1517.7885723674108,0.7350669832280533,1.6179172523350056,2.0,50.0,0.0,0.5581702653915309,-0.00426793111979806,19.721825528370747,0.641124150229764,23.362162250100052,389.09999999999997,545.790625,4.186763630872094,17.59823402321165,46.04973287217758,72.69884245225121,88.42966922835124,96.0334334671594,98.92517957969035,99.25052867410947,98.21081721641174,21.62444345116065,22.854449201888496,48.71158386119349,74.81984876805258,90.50253266267895,98.11390173595537,100.99939454523192,101.30022959757125,100.22352468293462,2.0716154583814212,21.21526725902013,14.581769700073362,15.88208124482345,17.68864256456712,19.258816643907714,20.097695648043178,20.363853850129644,20.274838456333608,19.9847512257563,450.0875648716515,212.6280075859776,252.24050466717276,312.88807577701573,370.90201852365675,403.91737036137374,414.68654362943994,411.0690744304242,399.39028155536784,0.0
199609,33537.135,5.20075,1.0,304883.04545454547,0.060193202997214874,2.0,9.0,16.5,56.4,0.08333333333333333,0.16666666666666666,0.25,0.3333333333333333,0.4166666666666667,0.5,0.5833333333333334,0.6666666666666666,0.75,0.8333333333333334,0.90701901811629,0.010512500000000294,1.4816346751476972,3.16805563271605,22.865779012345676,5.689476620370369,31.780401590284388,9.29044459876543,25.0,0.0,0.0,0.0,0.0,0.0,0.0,0.0,0.0,0.0,0.0,0.0,27.674999999999997,-1.046895219666467,0.08874208211508261,0.19826992101658863,0.35749300733334133,0.19826992101658863,0.35749300733334133,0.3104831585183728,0.3336388931625609,0.25148256391381557,0.08994793443193466,0.2514825639138155,0.3336388931625609,0.3104831585183728,-68.53658729441774,35.45867102988922,2.3460265939122067,-30.355351959381924,107.87129733667015,30.87469825932395,-126.40836338841771,-109.81878950860195,116.41509505037288,145.8420642725959,137.61469399566317,202.70768175292218,87.55,0.057290484441492026,50.0,47.574999999999996,19.59583333333333,36.32272727272727,1.0136363636363628,43.375,14.95,40.7,-10.25,0.0,15.7,3.0,0.0,71.85,4.0,25.0,52.86550151090974,400.7146061297065,0.3189014541338594,0.9342657342657349,15.08888017362273,-2.778817250921743,-1730.9048584934098,0.7343576895709236,1.8622430642516152,2.0,50.0,0.0,0.7091459610268003,-0.005097147339279738,18.847421580353092,0.6469464967133354,23.051694623172498,399.54999999999995,531.3806249999999,7.2050335777490595,19.946912543092274,49.17129929312349,76.26982813728084,92.13750707729899,99.72361402116995,102.53078586271086,102.74583185996126,101.58896261469646,26.8099197351905,28.631206795481013,51.65327769965272,77.59860078144625,93.59221176828743,101.41086234805344,104.38369294337299,104.69481363244468,103.58438332447545,2.0840699968581116,25.82361878883101,20.539393432227406,15.81911574467782,14.29881670446593,16.43721062895534,18.42182967928442,19.580431631384137,20.10716382130743,20.23381188954943,666.8592873508659,421.86668256382626,250.24442294351368,204.4561591479139,270.1818932606425,339.36380873256434,383.39330287130844,404.29803693689445,409.4071435816718,0.0
199610,32432.0625,5.235000000000001,1.0,294836.9318181818,0.05573144631180949,2.0,9.0,16.5,56.4,0.08333333333333333,0.16666666666666666,0.25,0.3333333333333333,0.4166666666666667,0.5,0.5833333333333334,0.6666666666666666,0.75,0.8333333333333334,0.90701901811629,0.32423614969135595,1.3970781475192595,3.261903877314814,23.89035709876543,2.942319000771604,37.616991721307905,5.771503125,25.0,0.0,0.0,0.0,0.0,0.0,0.0,0.0,0.0,0.0,0.0,0.0,30.9,-1.1042432499570762,0.0152991214556251,0.26304693708134946,0.3528121550051697,0.2630469370813495,0.3528121550051696,0.10364286810537604,0.44459204660178786,0.390268020453136,0.36018112640376493,0.390268020453136,0.44459204660178786,0.10364286810537605,-48.13597738934562,21.970283646911145,-128.75951301777738,-61.882873804219294,-15.704574592071918,96.31257682541195,18.07566494308592,-146.30019111603937,313.3059348582989,169.06925309447254,74.81664870738923,4.661818055515094,87.55,0.054740462187194965,50.0,46.362500000000004,20.60625,37.72727272727272,-0.3909090909090916,38.25,18.15,40.7,-25.0,0.0,15.7,3.0,0.0,71.85,4.0,25.0,51.987227998807555,416.1353890622243,0.4243245442262193,0.17954545454545565,14.938978613414161,-2.8404494114416643,-1693.2245527730156,0.6819266752729425,1.8736049882152142,2.0,50.0,0.0,0.7063779821543799,-0.005174239570244144,18.62157189303128,0.7336518880553968,23.52000146152206,414.99999999999994,553.1904687499999,6.73493706264938,21.993130675328757,49.70848153092506,75.84094410864328,91.35417274859792,98.83177767163136,101.62133429112679,101.85223583480645,100.72293333372208,25.7107890053615,31.7627813410411,52.51161423737087,77.32543155136555,92.895725459174,100.55060686635264,103.46241430886526,103.7574445192701,102.65183837516909,2.088552939985949,24.813006549799027,22.916729295793978,16.927388862554476,15.078911144859546,16.853217200450473,18.51227331953129,19.431304421225743,19.792153713539587,19.806327838658337,615.6852940403694,525.176481616702,286.5364937041333,227.37356131456943,284.03093000555964,342.70426345703,377.57559151034707,391.7293486203789,392.29062245241226,0.0
199611,31867.5525,5.167,1.0,289705.02272727276,0.049205819147862075,2.0,9.0,16.5,56.4,0.08333333333333333,0.16666666666666666,0.25,0.3333333333333333,0.4166666666666667,0.5,0.5833333333333334,0.6666666666666666,0.75,0.8333333333333334,0.953509509058145,0.025375038580246003,0.2308362493576938,4.743203954475307,28.88412901234568,0.7368585841049382,23.79731679848181,11.19302040895062,25.0,0.0,0.0,0.0,0.0,0.0,0.0,0.0,0.0,0.0,0.0,0.0,34.25,-1.1666652905202226,0.005374349465974,0.19747528750926757,0.3295733185677036,0.19747528750926757,0.32957331856770355,0.16649913417295134,0.3956595537826558,0.3484371184697899,0.26874224933931234,0.34843711846979,0.3956595537826558,0.16649913417295134,-46.87375270022716,-1.2713669192459482,-91.02753826076948,-27.585518442114957,-1.5742838493007558,108.85582451857142,9.237901251699025,-51.39534771143068,288.8186753919382,215.8038001421798,-44.27919322200535,-57.01931423398742,87.55,0.04750217261578232,50.0,45.587500000000006,21.252083333333335,38.18181818181818,-0.8454545454545461,38.25,18.15,40.7,-25.0,0.0,15.7,3.0,0.0,71.85,4.0,33.33333333333333,51.532799021594,420.23440857581704,0.45052719477514347,-1.1316433566433544,15.351087409700456,-2.7109727112507707,-1649.0995264032922,0.7037740244097023,1.8501745655412716,2.0,50.0,0.0,0.6732619203413313,-0.00496229790358262,18.707618375104715,0.7530957460260846,24.029340788918866,420.0,577.4092187499999,6.036069245713591,22.481195345697817,50.13933406455548,75.78307962253773,90.82512207929234,97.97835056917602,100.56690617622986,100.67954528227737,99.48441631469335,27.47359243308806,30.423199177699345,52.094052709796784,76.94391943027226,92.23232200016237,99.6446401683996,102.39686899616511,102.59681167722384,101.43917317502428,2.0907498965335836,26.802316117089294,20.49797316893894,14.136389471643497,13.315088441927035,16.049872922340384,18.14654606346568,19.272160293002447,19.741705298316912,19.81809185964544,718.3641492403844,420.1669040345408,199.83750729399313,177.29158021633893,257.5984208232751,329.29713403348177,371.41616235918013,389.734928085594,392.75676495734484,0.0
199612,34412.5125,4.989749999999999,1.0,312841.0227272727,0.048713069119844125,2.0,9.0,16.5,61.4,0.08333333333333333,0.16666666666666666,0.25,0.3333333333333333,0.4166666666666667,0.5,0.5833333333333334,0.6666666666666666,0.75,0.8333333333333334,0.953509509058145,1.7086815200617227,1.1231833098788422,2.040001871141974,24.04854475308642,0.5991250192901234,10.01222575647918,23.630902816358017,25.0,0.0,0.0,0.0,0.0,0.0,0.0,0.0,0.0,0.0,0.0,0.0,38.0,-1.3183808630136022,0.14849653478020822,0.17388935548401957,0.4102157300789665,0.17388935548401957,0.4102157300789665,0.29634308792875946,0.3912912702432794,0.2085347259826164,0.04054605749528776,0.20853472598261646,0.3912912702432794,0.2963430879287594,-61.54415347688776,-13.286527729890414,188.639775827637,170.83157517407136,18.362545810181928,71.00357935731952,21.534347894667995,-24.67607604183963,248.01227978851637,89.9061339790838,-146.66987409516165,-32.035295193087975,87.55,0.03839264597984183,50.0,47.787499999999994,21.6875,36.65,-2.377272727272728,48.95,22.85,35.7,-25.0,0.0,15.7,4.0,0.0,71.85,3.0,33.33333333333333,53.55099788986196,403.38889754519886,0.19934787649062044,-1.0047202797202774,14.961060672919064,-2.6600027704673943,-1782.0120531585617,0.6990287806110455,2.0176487938613263,1.0,50.0,0.0,0.7688969514282501,-0.005162883082498765,18.72295458976887,0.6789805236429002,24.167420606055583,403.15,584.06421875,6.896763631656857,20.2005306780291,49.142684355271534,76.23816807375324,92.24870904561851,99.96852988219133,102.8712372136171,103.14887968593565,102.03121064233603,27.24210216251454,24.737160398188976,50.286217227255335,77.14802942531804,93.41159839282547,101.35418755902563,104.3995459992041,104.75693849971567,103.676978338783,2.0809730904586927,26.354634917637068,14.278153413230099,10.663030403448257,11.813558861236134,14.693617448379904,16.702226466658992,17.798139199917678,18.284550401078523,18.399670984007617,694.5667816419349,203.86566489173433,113.7002173848619,139.56017296789076,215.90239371933436,278.96436894356407,316.77375897964623,334.3247833695807,338.54789231973183,0.0
199701,28363.550000000003,4.852500000000001,1.0,257850.45454545456,0.05593899212193114,2.0,9.0,16.5,56.4,0.08333333333333333,0.16666666666666666,0.25,0.3333333333333333,0.4166666666666667,0.5,0.5833333333333334,0.6666666666666666,0.75,0.8333333333333334,0.953509509058145,0.10050138888888843,0.9203986992766244,2.0461918810013717,21.400007956104254,2.032423842592592,7.413436400174678,24.873449399862825,25.0,0.0,0.0,0.0,0.0,0.0,0.0,0.0,0.0,0.0,0.0,0.0,31.349999999999998,-1.1085821469676502,0.2049180707717242,0.4043664511334555,0.5557495776846749,0.4043664511334555,0.5557495776846748,0.004347183071281864,0.7257012521963088,0.07331182167050829,0.04119348459183503,0.07331182167050827,0.7257012521963088,0.004347183071281855,-52.16499045011484,6.533541488101,4.567420720182335,47.51690632270876,-31.92422350831927,267.16741252349397,-15.938958043787528,34.191293980790526,7.574121769746576,-98.45227488166833,-0.5570385294734517,139.33100864579953,82.1,0.04161760569275845,50.0,43.84166666666667,18.34861111111111,34.39090909090908,-0.11818181818181793,40.85,15.549999999999997,29.9,-21.199999999999996,0.0,15.7,4.0,0.0,66.39999999999999,4.0,33.33333333333333,48.61716946374673,378.551612862813,0.30466880867421725,0.5108391608391605,16.037957058061437,-2.769963278041146,-1490.1564294686204,0.5563003473286557,1.8099207170998741,1.0,50.0,0.0,0.7123047361736774,-0.004609050655854116,20.179427990153595,0.700626194314685,21.012792069488423,378.29999999999995,441.5374305555556,5.898883496711015,18.152416465030488,46.12324214917954,71.90499707652515,86.958489713512,94.1456620041756,96.80412895417159,97.00930100184115,95.91707414830582,22.87369691624599,20.11971039244533,47.9166250364974,74.00761670710233,89.16373630219081,96.37585722112281,99.01780171198992,99.18385228400189,98.04112733882701,2.071579950590732,22.09998154090885,8.677126411201051,12.986511792488276,17.515670871830224,19.70768728470309,20.613107017181466,20.820318760745934,20.655073784155107,20.29722977887615,488.40918410851185,75.29252275596285,168.64948853643708,306.7987260902817,388.3929381116479,424.90018090177585,433.4856732990691,426.6320730288915,411.97753669649677,0.0
199702,29743.79,5.042,1.0,270398.09090909094,0.05586004002852361,2.0,9.0,16.5,56.4,0.08333333333333333,0.16666666666666666,0.25,0.3333333333333333,0.4166666666666667,0.5,0.5833333333333334,0.6666666666666666,0.75,0.8333333333333334,0.953509509058145,0.3514013888888896,0.1757464665898472,6.717171373456791,12.163844444444445,6.578859027777776,4.530359551928671,19.389148302469142,25.0,0.0,0.0,0.0,0.0,0.0,0.0,0.0,0.0,0.0,0.0,0.0,31.349999999999998,-1.2325186273967528,0.09150804233936312,0.3895384105082569,0.5596201616375411,0.38953841050825694,0.5596201616375411,0.08108097372911933,0.5797489914805531,0.16175759185563812,0.19629377246135088,0.16175759185563812,0.5797489914805531,0.0810809737291193,-53.311269697328704,0.0815345203990498,200.1569922707216,0.6768305864279784,-12.715598329155975,185.28336709890337,42.95191956902002,-100.81875357316484,-154.12097023756576,106.47612298329395,30.522211871047343,181.62947148532822,82.1,0.04362033028046416,50.0,45.025,19.141666666666666,33.527272727272724,3.563636363636363,47.95,19.35,29.9,-5.0,0.0,15.7,4.0,0.0,66.39999999999999,4.0,33.33333333333333,49.7860338515398,369.0638454234284,0.14207898971077573,0.860489510489512,16.409462745192915,-2.818491413986074,-1481.5333980215,0.52634829587236,1.7440828192480389,1.0,50.0,0.0,0.6776210136460257,-0.0044179905881865,20.45657069469169,0.7566537599872413,21.24614180661201,368.79999999999995,451.39854166666663,5.300850908537068,18.914416844464906,46.11336024618731,72.49744595105894,88.3197972078218,96.05697713744337,99.05568269361108,99.45668270276279,98.468274026436,24.60615954575504,22.40584365169421,48.4984615674582,74.8541477456625,90.55289393159848,98.1946626214553,101.11331894901316,101.44118360527528,100.3841599488993,2.0780796241699027,24.028401262602006,12.011105909864746,15.021943323537428,18.635014496982762,19.985995610841012,20.377657141048193,20.294703619109573,19.96702273753245,19.51867257015456,577.3640672366138,144.26666517798785,225.6587812155707,347.26376530275775,399.4400205565562,415.2489105581124,411.8749949874992,398.68199700113786,380.97857890090404,0.0
199703,31496.54,5.098000000000001,1.0,286332.1818181818,0.050466619508047546,2.0,9.0,25.7,56.4,0.08333333333333333,0.16666666666666666,0.25,0.3333333333333333,0.4166666666666667,0.5,0.5833333333333334,0.6666666666666666,0.75,0.8333333333333334,0.953509509058145,0.3862228395061731,0.031229868138473556,7.501453086419753,7.943438271604939,11.56945308641975,2.419646675071403,13.839645061728396,25.0,0.0,0.0,0.0,0.0,0.0,0.0,0.0,0.0,0.0,0.0,0.0,28.0,-0.9940970428829852,0.03388388241179885,0.3491802123785857,0.37914400562982453,0.3491802123785857,0.37914400562982453,0.1320656624007929,0.44721262232440884,0.12066355493973338,0.2916386936187836,0.12066355493973341,0.44721262232440884,0.1320656624007929,-53.97299046935177,12.838977251870476,76.00974785235218,-120.74518891440997,-7.581143214759535,220.03436471405055,16.587473194389435,-154.52211721270612,-84.63586964216316,160.16984703626915,47.819202432554924,237.44853038940778,82.1,0.04660992872450966,50.0,47.4,16.76666666666667,29.363636363636363,-2.5454545454545454,50.35,15.35,25.7,-10.700000000000003,0.0,15.7,4.0,0.0,66.39999999999999,4.0,33.33333333333333,51.23193990731433,323.30162393677443,0.0803617386228594,-0.43706293706293603,14.832696454294581,-3.079273145818968,-1688.096576590342,0.6421055132355779,2.030693932381833,1.0,50.0,0.0,0.8284213136020263,-0.005228898966362786,19.535704149644847,0.7329747120176425,19.44097905627869,323.0,377.95166666666665,7.610101712538957,20.461510978597108,48.503304955592334,75.64156052041507,91.8502740207429,99.73241283578439,102.74796239002056,103.10178449850848,102.03571497729043,23.408496976822313,24.806950253506905,49.95244658330604,76.95824969153706,93.29092219801366,101.28918003761821,104.37461812655367,104.75941439265823,103.69798053791453,2.074179714143681,22.13693932409607,14.025382324653977,11.944719672008071,14.174855118178447,16.331666383755373,17.69021827580729,18.355302606136192,18.562244937393977,18.492810406070088,490.0440826387109,196.7113493527162,142.6763280428566,200.92651762134975,266.72332687028523,312.94382264570623,336.91713376283013,344.55693711580835,341.9840367148542,0.0
199704,28192.54,5.0505,1.0,256295.81818181818,0.05500031213931061,2.0,9.0,25.7,56.4,0.08333333333333333,0.16666666666666666,0.25,0.3333333333333333,0.4166666666666667,0.5,0.5833333333333334,0.6666666666666666,0.75,0.8333333333333334,0.90701901811629,0.2450000000000011,0.1289510979151893,5.063862277091907,10.689396433470506,13.002177777777773,1.4398203698488707,9.959019204389573,16.666666666666668,0.0,0.0,0.0,0.0,0.0,0.0,0.0,0.0,0.0,0.0,0.0,26.75,-0.49718577960383303,0.2350449521442585,0.4105777343260466,0.6007685319989154,0.4105777343260466,0.6007685319989154,0.31044746198212264,0.2950548139821015,0.07377880773830661,0.574093660679555,0.07377880773830661,0.2950548139821015,0.31044746198212264,-40.802461881700204,1.3420253126190753,60.27845747076194,4.806317892388648,64.10369582274156,22.439540036200842,-142.68804418102795,158.76293060749225,42.493643758803486,133.14857806372575,15.538705056924634,-30.421910947858965,82.1,0.03747562279932327,50.0,45.06666666666666,14.444444444444443,25.13636363636363,1.6818181818181814,45.0,12.85,25.699999999999996,-5.0,0.0,15.7,3.0,0.0,66.39999999999999,4.0,33.33333333333333,48.47038614797012,277.7908724915441,0.25217515089904924,0.6342657342657353,14.12730005257344,-3.2495685390227194,-1650.1609486899388,0.7017825367483909,2.158286625242782,2.0,50.0,0.0,0.8804996764182635,-0.005591674258676512,18.983630379027836,0.7678748968927274,17.84303474437263,276.49999999999994,318.3738888888888,5.606091249236371,19.86412300699623,48.17736322374818,74.10308849469871,89.23705183087162,96.44313737996929,99.07954015031932,99.2400189747973,98.09218411753157,20.328295284691755,28.484335499110568,50.61596491744466,75.74704492284852,91.04615932096378,98.42619773541102,101.15940918639279,101.35783643035961,100.21127217062988,2.0777065321634853,19.539993093316497,20.4150431297319,15.521519813827025,15.695448069134098,18.059670750948126,19.658017523611118,20.40761599357733,20.61139587037725,20.499328894096617,381.81133008685646,416.7739859888136,240.91757733102494,246.3470900908853,326.15170763265127,386.43765295860186,416.4707905413132,424.82963972540443,420.2224851083444,0.0
199705,29090.29,5.061,1.0,264457.1818181818,0.04990309825030963,2.0,9.0,25.7,56.4,0.08333333333333333,0.16666666666666666,0.25,0.3333333333333333,0.4166666666666667,0.5,0.5833333333333334,0.6666666666666666,0.75,0.8333333333333334,0.90701901811629,0.0010631172839505765,0.09579555396588504,7.492078094993143,10.02026145404664,9.1023824845679,0.5428811092714256,7.809298371056242,33.333333333333336,0.0,0.0,0.0,0.0,0.0,0.0,0.0,0.0,0.0,0.0,0.0,18.725,-0.18899377093504333,0.1590004997001897,0.42033704726690047,0.39262468884620355,0.4203370472669006,0.3926246888462036,0.3104618294361468,0.37424586565574125,0.016010725025023466,0.29783292023460456,0.016010725025023393,0.37424586565574125,0.31046182943614675,-42.633321387029625,26.98483802547035,35.47340182246613,-16.196703362063566,12.038569257412124,-23.86270162774903,-45.247860174105796,218.72264818275005,23.097854968680146,78.3495839501867,-18.156853107198792,37.06394019105456,82.1,0.01897180435691143,50.0,46.19166666666666,13.506944444444443,22.872727272727275,-1.4909090909090907,45.0,11.399999999999999,21.199999999999996,-5.0,0.0,15.7,3.0,0.0,66.39999999999999,3.0,33.33333333333333,49.23607248078723,252.9731742707329,0.19652034658271783,-0.4045454545454551,13.331223069262567,-3.6062064198748347,-1715.6902983849375,0.708361570808939,2.307763733451015,1.0,50.0,0.0,0.9487998195549633,-0.006001085278664963,18.558133989720186,0.7937372568238658,17.044669662064116,251.60000000000002,290.5207638888889,6.232846499569984,20.958308176602657,49.745149526367335,75.8978666371833,91.13740578261833,98.3701871175383,100.98978196994756,101.11171401096924,99.9155592501216,18.755360371452007,28.686637256493928,51.42239180700853,76.9486592358679,92.49789931566914,100.01333555622213,102.80644978403753,103.02025119630376,101.86389789025577,2.069252375978521,17.6894083331193,19.587559201192363,13.02622269703899,12.673199995346694,15.806158452515533,18.054738312752956,19.241363123757246,19.73812165109672,19.827624999779843,312.9151671758305,383.6724754602156,169.68247775285377,160.60999812205543,249.8346450260282,325.97357554198953,370.23005486028524,389.59344631349313,393.1347131318946,0.0
199706,27934.329999999998,5.125500000000001,1.0,253948.45454545453,0.05066712894134207,2.0,9.0,25.7,55.7,0.08333333333333333,0.16666666666666666,0.25,0.3333333333333333,0.4166666666666667,0.5,0.5833333333333334,0.6666666666666666,0.75,0.8333333333333334,0.8894714728255649,0.4105186728395058,0.6851604393368,8.728420276063101,5.36098244170096,3.422647299382716,0.6304730140239679,3.3459012517146776,25.0,0.0,0.0,0.0,0.0,0.0,0.0,0.0,0.0,0.0,0.0,0.0,18.200000000000003,0.05398198710417779,0.07705381204420036,0.7713907544020622,0.20205493617765338,0.7713907544020622,0.20205493617765338,0.14268652200675302,0.5007884467438994,0.1759504564603537,0.6297492388490912,0.1759504564603537,0.5007884467438994,0.14268652200675302,-2.244550226421536,-75.03169450470331,122.8708554025924,-40.56110653096709,-59.175702863698625,187.20647013552832,-131.15491186913823,233.5392268772224,-50.21370775406218,1.140839255371505,81.13611757370228,-73.03484873636916,82.1,0.017308291569826842,50.0,45.24166666666667,12.438888888888892,19.627272727272725,2.6636363636363636,45.0,11.05,15.5,-5.0,0.0,15.7,3.0,0.0,66.39999999999999,3.0,33.33333333333333,48.24791014472371,217.3599106255541,0.357872347095024,0.013636363636362728,12.761085373134948,-3.658584444570958,-1730.420387575979,0.7252433510699154,2.4980273386624905,1.0,50.0,0.0,1.0126049889555158,-0.006294298950959168,18.018143546238612,0.8018183690179277,16.76461841365784,215.89999999999998,281.05243055555553,5.20813951019856,20.72920655931716,48.368778162412845,74.19210996212423,89.46400344144503,96.81206621067662,99.5505768753789,99.77708351827141,98.66949004183137,24.300503276535093,26.924656004123328,50.14948625417203,75.69521099007234,91.13757127461365,98.62757728919753,101.44122507707424,101.69423211735851,100.58299637171424,2.076146506692709,23.735832455070994,17.182464792966602,13.245084772574465,15.009856301765096,17.385309490037688,18.836741702221328,19.493711522357934,19.65325546893145,19.526159222878988,563.3897423352015,295.2370963615368,175.43227063268395,225.29578619963738,302.24898606439444,354.822837956204,380.0047889169105,386.25045052708396,381.2708939972222,0.0
199707,28587.839999999997,5.011500000000001,1.0,259889.4545454545,0.043286722606534815,2.0,9.0,30.0,55.7,0.08333333333333333,0.16666666666666666,0.25,0.3333333333333333,0.4166666666666667,0.5,0.5833333333333334,0.6666666666666666,0.75,0.8333333333333334,0.8894714728255649,1.1450888888888926,1.020541609796878,2.0767886145404666,2.6032153635116613,4.721181481481482,1.592704755086523,2.0282471879286703,25.0,0.0,0.0,0.0,0.0,0.0,0.0,0.0,0.0,0.0,0.0,0.0,18.200000000000003,0.2683366786288328,0.13156684638883004,0.680487583532361,0.2522633101606933,0.680487583532361,0.25226331016069325,0.14751297850308537,0.4362517020581812,0.021111849194504047,0.4258913613120304,0.02111184919450404,0.4362517020581812,0.14751297850308534,-18.205185595307714,-63.03540399877627,-45.7849052622738,-22.392065888477163,-14.443229363418462,158.044860834313,-55.24583473580898,209.0241993716252,-33.47717321330134,53.133740224615025,55.443934606987746,-5.917565949364921,82.1,0.014841270158924886,50.0,46.43333333333334,11.644444444444446,14.954545454545455,-4.736363636363635,45.0,11.05,15.0,-5.0,0.0,25.7,3.0,0.0,56.39999999999999,3.0,41.666666666666664,48.80901556065231,165.98567731037494,0.8018143707558829,-1.9153846153846135,11.078586502274648,-4.215774825853307,-1861.2781510757766,0.7307446267493592,3.113416634829129,1.0,50.0,0.0,1.2466066392550004,-0.007159584084544464,17.0412778139248,0.7772578921030118,15.042126031766772,164.5,226.26555555555555,8.007603931451506,20.915586505734755,48.52977092971182,75.00448024747554,90.70861390287949,98.28463043903592,101.13092993321823,101.39914171551942,100.29715415776182,22.73893002966659,24.870986216945433,49.599699748500406,76.11772966046713,92.05064827849182,99.79886486568243,102.74578543862837,103.06254964100783,101.97564864507329,2.0655223796283972,21.28232172886867,13.457495923262098,10.246538374060213,12.970609525770579,15.661073153170118,17.318915899699974,18.14473577220584,18.44188704718724,18.4258998270803,452.9372181710755,181.10419652461596,104.99154865108851,168.23671147001048,245.26921230894584,299.9448479408806,329.2314362431663,340.1031978612125,339.51378443759785,0.0
199708,22472.43,4.593999999999999,1.0,204294.81818181818,0.04840373737953573,2.0,9.0,25.7,45.0,0.08333333333333333,0.16666666666666666,0.25,0.3333333333333333,0.4166666666666667,0.5,0.5833333333333334,0.6666666666666666,0.75,0.8333333333333334,0.8894714728255649,0.060281635802469855,5.474832322683543,0.24837939814814797,0.8897012345679018,3.737899151234568,2.085835424230038,2.194512499999999,8.333333333333334,0.0,0.0,0.0,0.0,0.0,0.0,0.0,0.0,0.0,0.0,0.0,17.15,-1.1364415868601458,0.05262331139613896,0.45941296080016253,0.43285215157733364,0.45941296080016253,0.4328521515773337,0.5700974727355097,0.2060384881255306,0.24196634354343255,0.20192544531904727,0.24196634354343255,0.2060384881255306,0.5700974727355097,-42.64157428031476,12.359343041940253,-62.63878470589241,-39.470060652029034,148.0623157671312,42.746650729994926,103.05883223131299,-37.758529383861564,-22.83370874266833,-28.32204050994967,91.4066150729463,-124.06428489738823,61.4,0.01990763983062413,41.66666666666667,41.675000000000004,9.741666666666667,13.072727272727274,-2.854545454545454,42.6,12.250000000000002,10.700000000000003,-5.0,0.0,25.0,3.0,0.0,36.4,3.0,50.0,43.27473281257783,145.36524892942688,0.11055159643554384,-1.1185314685314687,9.292292013977626,-5.0355443033421174,-1729.8860910982971,0.7746017004487761,3.320897929887552,1.0,41.66666666666667,0.0,1.3828024702613593,-0.008078249821382931,15.760459615580258,0.42101613159446927,11.657481503309366,143.8,135.896875,5.661111076866916,17.711266471739386,44.1345695795089,68.97786143923683,83.64819642206878,90.72494702334535,93.39585407597987,93.66743760487168,92.66384833738859,12.02012572531253,18.609240705146174,46.41460274386896,71.38000115461624,85.9308278674081,92.87294286722228,95.42289022637124,95.58881806577475,94.49284994108436,2.047059306474804,10.603548643152198,5.710943843981448,14.368546060846136,18.361895220876857,19.674511768100363,19.858688386434654,19.563803836993646,19.069170714775527,18.501618883052718,112.43524382769482,32.6148795891096,206.45511590265698,337.1591961024604,387.08641331311964,394.36750442951455,382.7424205723673,363.6332717492526,342.30990129373293,0.0
199709,20516.47,4.4585,1.0,186513.36363636365,0.05018333563229932,2.0,9.0,25.7,45.0,0.08333333333333333,0.16666666666666666,0.25,0.3333333333333333,0.4166666666666667,0.5,0.5833333333333334,0.6666666666666666,0.75,0.8333333333333334,0.8894714728255649,0.19254459876543234,6.619618803850374,0.30500196330589835,0.45968861454046667,2.4732306327160485,2.012423291485704,2.601311539780522,8.333333333333334,0.0,0.0,0.0,0.0,0.0,0.0,0.0,0.0,0.0,0.0,0.0,14.475000000000001,-0.7067153077783104,0.14611268483596446,0.6711409450395994,0.7130921235814487,0.6711409450395994,0.7130921235814487,0.455874081677643,0.16088547721106053,0.07432602735829788,0.38827240609530966,0.07432602735829788,0.16088547721106053,0.455874081677643,-21.62594175820613,116.93052283299724,192.37619237438489,-25.020032695447,-29.414196004648563,-6.959187869881601,-71.50325327478897,55.1053402048326,-61.39583392999654,-116.21735380828677,-93.64575811431004,4.455055958251318,61.4,0.02952492521679378,50.0,39.891666666666666,8.843055555555557,11.645454545454548,0.3909090909090913,40.1,7.250000000000002,10.0,-5.0,0.0,25.0,4.0,0.0,36.4,3.0,50.0,41.3485892544514,129.69567665600698,0.40630241409537865,-0.7059440559440555,8.987719698842673,-4.923875509678687,-1685.244427387664,0.7414075138720966,3.991803773137546,1.0,50.0,0.0,1.6003984816033878,-0.008234887012023767,16.135383667023678,0.24830119871981104,10.879373322434013,128.10000000000002,118.36076388888891,3.895535853238043,16.40921060983597,42.58949884215382,66.67524929201808,80.79939162877658,87.57971318851618,90.11786318939515,90.35186718712855,89.36403408848071,7.608913538144066,20.771492329428867,46.11942498050355,69.58665070859853,83.35515169366958,89.90051799501397,92.26561615376487,92.36326695160865,91.26338437953751,2.0397087677046666,6.536081826835478,12.735489812079031,17.695647739104455,19.917657710879027,20.482666483987277,20.29524509802911,19.791782598122307,19.170633212640837,18.522276853563962,42.72036564708899,162.1927007535688,313.1359489064726,396.7130886877388,419.5396262942557,411.8969735890746,391.714658411337,367.5131777736079,343.07473984007135,0.0
199710,21173.98,4.551500000000001,1.0,192490.72727272726,0.04769273891823833,2.0,9.0,25.7,45.0,0.08333333333333333,0.16666666666666666,0.25,0.3333333333333333,0.4166666666666667,0.5,0.5833333333333334,0.6666666666666666,0.75,0.8333333333333334,0.8429809818837098,0.0977802469135808,6.3213198207999595,0.702025240054869,0.42437585733882044,1.0846864197530859,0.9351882724785034,1.2954537722908095,8.333333333333334,0.0,0.0,0.0,0.0,0.0,0.0,0.0,0.0,0.0,0.0,0.0,11.25,-0.5438542426090072,0.11816088571364182,0.6916663494047732,0.6218355699958731,0.6916663494047732,0.6218355699958731,0.15204529233765868,0.28196140568268474,0.025528447915015164,0.19527007706498256,0.025528447915015146,0.28196140568268474,0.15204529233765868,-6.620297183305251,25.164408027669282,40.46480721229788,-38.64393325859542,0.02658199911115478,-6.401118532222485,-57.358977492347265,75.9396681344409,-79.60591954666101,-189.61625741417546,94.44282478813555,175.96374532178604,61.4,0.029632738705885328,50.0,40.666666666666664,8.127777777777775,11.645454545454545,1.3000000000000005,40.1,5.0,10.0,0.0,0.0,25.0,3.0,0.0,36.4,3.0,41.666666666666664,42.00593212075329,129.69567665600695,0.2832645943923294,-1.1195804195804173,9.32860687245237,-5.131752687126173,-1671.9032290264608,0.7348724240667306,3.7670935825683323,1.0,50.0,0.0,1.5501063520358787,-0.008059573608453063,16.739536220719454,0.30756740290539053,10.52238354915632,128.1,110.72055555555556,4.637617909524445,17.1900009976039,43.0021611452847,67.00166858245645,81.12268922310362,87.91129897364978,90.45434191804918,90.68866366395491,89.69781884188801,13.632024329980563,22.36799672281466,46.10377787998404,69.2995863788536,83.16543160197513,89.84251136994376,92.31068359895784,92.48063392908165,91.42987446416224,2.054868871635161,12.818915221595008,14.311923109569324,16.62445402537698,17.697713961041977,18.31934242145577,18.527826694570432,18.41940104019551,18.117227568556697,17.712234176983646,164.3245874584402,204.83114309422447,276.37247164187295,313.20907944686013,335.5983067545489,343.2803620240367,339.27433467955547,328.2339347708708,313.7232395403076,0.0
199711,21413.489999999998,4.465999999999999,1.0,194668.09090909088,0.042202845028998084,2.0,9.0,30.0,45.0,0.08333333333333333,0.16666666666666666,0.25,0.3333333333333333,0.4166666666666667,0.5,0.5833333333333334,0.6666666666666666,0.75,0.8333333333333334,0.796490490941855,0.29945200617283907,5.153891703341719,0.11982970679012338,1.8550679012345688,0.2711445216049383,0.3632038213496394,0.8057445987654326,8.333333333333334,0.0,0.0,0.0,0.0,0.0,0.0,0.0,0.0,0.0,0.0,0.0,11.25,-0.43691900861943944,0.10558124407400785,0.6082952495823104,0.542392024319942,0.6082952495823105,0.542392024319942,0.2721261671139952,0.17280092962627136,0.061223911297889524,0.2584688359761015,0.06122391129788951,0.17280092962627136,0.2721261671139952,-20.993521116144397,46.757240222521276,-124.90886848910596,-4.808018500263735,-13.121402040096212,0.4325813128208035,-0.23937784071757082,58.80763784185997,-132.20498572047362,-54.45937726242585,210.11528889913674,116.47248987316803,61.4,0.03613301584866816,50.0,41.025,7.829166666666668,9.30909090909091,-2.8545454545454545,40.1,5.0,10.0,-5.0,0.0,25.0,3.0,0.0,36.4,3.0,41.66666666666667,42.24283962993018,104.03154942110511,0.39092209297237823,-2.2101398601398614,8.741007448703407,-5.468573176229142,-1705.2186383925082,0.7252781644845688,4.149914122612268,1.0,50.0,0.0,1.6610302027492962,-0.008361767597809674,16.28532525512618,0.2848923698320103,10.070098063077639,102.4,101.40687500000001,6.395177669800101,18.246398022012105,43.141065136292845,66.68421972956376,80.6043669884167,87.30652781363462,89.81565306172513,90.04128629385765,89.05424944584591,13.129507049097999,23.510450605520017,45.8338276164687,68.50586031787934,82.27185165214551,88.96608276164481,91.47917272067382,91.69694474136698,90.69025780814039,2.0566258491502767,11.466719579897477,14.825999018511682,15.478638599124524,15.69291996258363,16.480096986039833,17.103627775383703,17.36627498212257,17.3463666930246,17.148280291155224,131.48565792400416,219.81024689690935,239.58825288230761,246.2677369520558,271.5935966692791,292.5340830788769,301.5875067546963,300.8964374488732,294.06351694402264,0.0
199712,18543.53,4.258,2.0,168577.54545454544,0.04455866277887759,2.0,9.0,30.0,45.0,0.08333333333333333,0.16666666666666666,0.25,0.3333333333333333,0.4166666666666667,0.5,0.5833333333333334,0.6666666666666666,0.75,0.8333333333333334,0.7324524547092749,0.015901388888888743,4.274067099939584,0.5631676011659813,2.4601989026063107,0.17590902777777753,0.12681162091089607,0.3978650377229081,8.333333333333334,0.0,0.0,0.0,0.0,0.0,0.0,0.0,0.0,0.0,0.0,0.0,15.0,-0.5823303676522116,0.1169862468531195,0.9780619025191133,0.3170532001262273,0.9780619025191133,0.3170532001262273,0.15690663159090484,0.3987441088775371,0.10125953973077575,0.04349703549268502,0.10125953973077575,0.3987441088775371,0.1569066315909049,19.25284379147029,-30.62876134179629,87.31915852059247,-99.15135042157185,2.708415335437793,2.6136518685521413,29.295761592347553,-198.2370464274364,43.756582725874516,186.31937265324248,-26.635682179380762,-92.75263055200409,55.7,0.03739060282407259,41.66666666666667,38.40833333333333,7.0069444444444455,7.381818181818182,-0.9272727272727276,40.0,5.0,5.0,0.0,0.0,25.0,2.0,0.0,30.700000000000003,3.0,25.0,39.31022979666574,83.80797761992142,0.2569795439673129,-1.7080419580419561,5.606890352280241,-7.127832588660654,-1718.8729336894005,0.6153198551450764,7.893176695492509,1.0,41.66666666666667,0.0,2.384681558818992,-0.00997359924739873,12.236553061020919,0.24027321387590828,8.372221761409705,81.2,70.09409722222222,5.280427970604987,17.622424324503744,40.9486467496341,62.878861438783936,75.84616455123516,82.08277969224967,84.40630359971355,84.59832791975494,83.65871815599547,12.805574901616108,24.14777701781238,43.66662419296263,64.4890163051465,77.32410083055125,83.58658708500047,85.93773957382824,86.13776261940491,85.18956847222339,2.063649870198546,11.666183137948456,16.50955165439469,15.165170549094034,14.320684626359936,15.045793170192615,15.78400514799628,16.151501344831896,16.21225037613727,16.077358395562126,136.09982900815288,272.5652958291265,229.98239778310906,205.08200816766183,226.37589212021476,249.13481851197307,260.8709956921066,262.8370622585631,258.48145297935196,0.0
199801,17027.489999999998,3.9784999999999995,1.0,154795.36363636362,0.039230679330893754,2.0,9.0,25.0,45.0,0.08333333333333333,0.16666666666666666,0.25,0.3333333333333333,0.4166666666666667,0.5,0.5833333333333334,0.6666666666666666,0.75,0.8333333333333334,0.7324524547092749,0.24074089506172844,2.8456493826497433,3.9619446587791516,1.1121466392318249,0.9170408179012346,0.2570414781184335,0.7038691529492461,8.333333333333334,0.0,0.0,0.0,0.0,0.0,0.0,0.0,0.0,0.0,0.0,0.0,15.0,0.130972570995747,0.12308135530030964,0.6893234366796801,0.47898188756091464,0.6893234366796801,0.47898188756091464,0.1110993559171198,0.3234986638311439,0.11975726078468524,0.12944630746996605,0.11975726078468525,0.3234986638311439,0.11109935591711981,-7.6149427883574745,8.617182726907524,-278.4261254101012,73.37199574640478,1.5925116232494962,54.14011775092667,-93.74632705165314,-11.329664041420044,186.05250320054114,94.78264332925998,-29.479314896955678,-2.469259433008884,55.7,0.015418892190111515,50.0,35.891666666666666,9.225,7.790909090909091,-4.154545454545455,37.5,7.5,5.0,-5.0,0.0,10.0,2.0,0.0,45.7,2.0,25.0,37.66905228433548,88.30073744741316,-0.5064491686337532,-2.71923076923077,10.575007953173314,-3.8104645448939407,-1517.001753390105,0.8896458040452149,3.316925205440809,1.0,50.0,0.0,1.3340170516220609,-0.007418567338368006,16.577659441016827,0.3908221700796366,11.434411392323126,85.7,130.7457638888889,5.648255763866099,17.27470699505343,39.37283819353484,59.76055019790536,71.69854445901538,77.37682779746159,79.43695911770207,79.53503047698415,78.59658780052764,12.226349824501673,23.479529093047756,41.76311739442739,61.36177169674946,73.30501050393302,79.05680579128324,81.15847444975806,81.2656757521443,80.31488423208361,2.064384727742722,10.843469779413113,15.901974238009815,13.926147603930099,13.926365850703366,15.262479727761331,16.211263427711348,16.62731190374927,16.681995758237683,16.5244369140658,117.58083685704547,252.87278466632787,193.93758708644805,193.9436658076369,232.94328744032558,262.80506192265153,276.46750114456216,278.28898247786003,273.0570153269405,0.0
199802,15525.0,3.725,1.0,141136.36363636365,0.045394524959742354,2.0,9.0,25.0,40.0,0.08333333333333333,0.16666666666666666,0.25,0.3333333333333333,0.4166666666666667,0.5,0.5833333333333334,0.6666666666666666,0.75,0.8333333333333334,0.6684144184766948,0.20408950617284016,2.611100267171934,3.834640775034294,1.5425240054869687,0.7293595679012347,1.2811751100571476,1.6975737311385464,16.666666666666668,0.0,0.0,0.0,0.0,0.0,0.0,0.0,0.0,0.0,0.0,0.0,11.25,0.6014783780117288,0.04802160725169833,0.6202702692938704,0.38958328346669446,0.6202702692938704,0.38958328346669446,0.21434838526105954,0.2628356045560408,0.2152703016227423,0.27197506589062603,0.2152703016227423,0.2628356045560408,0.2143483852610596,-10.378585114667189,-3.1740528197687743,401.8030210689714,-46.72920354325673,-13.077774479982764,-49.6094291779195,-17.372233161458613,146.72950272011516,-51.93259621507454,0.6545897527764536,-112.74632125764678,-67.25232182573346,45.0,0.020643983275702323,50.0,34.583333333333336,7.98611111111111,9.545454545454545,-0.45454545454545453,37.5,7.5,5.0,0.0,0.0,10.0,3.0,0.0,35.0,2.0,50.0,35.968736424845396,107.57077210909388,-1.04845918756075,-1.6608391608391608,8.791182385312025,-4.477096614380846,-1518.36528613857,0.844388856605366,4.355061680323177,1.0,50.0,0.0,1.6211640662284295,-0.008335963344696672,15.05635088682583,0.3676551563096967,9.886508764753895,105.0,97.74305555555559,4.152646069322815,15.249934294350183,36.72657034346552,56.44770379602499,67.99234880388171,73.50211028778449,75.52612501382085,75.65903794587858,74.79153118355224,11.648149167097525,20.41163996456982,38.392306324598486,57.58344524853598,69.1877178586346,74.79741535157359,76.88550711025398,77.04808027365793,76.18661492881385,2.061339329446714,10.882780418711597,13.567407639679217,11.18607239956384,11.380241774556795,12.805499077244486,13.859766466942364,14.393944698991353,14.564225038090465,14.512999604874684,118.43490964189259,184.074550061226,125.1282157282839,129.5099028473676,163.98080661730936,192.09312651818001,207.18564399762127,212.11665096014121,210.62715753109276,0.0
199803,16525.0,3.75,1.0,150227.27272727274,0.054614220877458396,2.0,9.0,25.0,40.0,0.08333333333333333,0.16666666666666666,0.25,0.3333333333333333,0.4166666666666667,0.5,0.5833333333333334,0.6666666666666666,0.75,0.8333333333333334,0.7324524547092749,0.24112654320987556,2.4810564251989917,3.6083033264746236,3.723593964334707,2.9886188271604954,0.7733588697255618,0.4547753772290806,16.666666666666668,0.0,0.0,0.0,0.0,0.0,0.0,0.0,0.0,0.0,0.0,0.0,11.25,0.30190317475877526,0.13683435796297366,0.6575818641120407,0.28610194058773764,0.6575818641120407,0.28610194058773764,0.25601352752271755,0.25407595559730123,0.13121803100013063,0.33040070647776876,0.13121803100013066,0.25407595559730123,0.2560135275227175,-7.447818662675581,0.748994584392272,155.94993501306158,3.4233161629026716,-85.96539579667481,-44.8761866721318,128.45267909684753,12.228383915510593,-172.10995978367046,1.2687650695344326,-191.34025397032784,445.335324272402,55.0,0.017945820586402737,41.66666666666667,35.416666666666664,8.75,10.909090909090908,0.9090909090909091,37.5,7.5,10.0,0.0,0.0,10.0,3.0,0.0,45.0,2.0,50.0,37.109073463687196,121.60406848746679,-0.5188641089457307,-0.4020979020979023,8.417791898141305,-4.247050693677565,-1606.7057738338608,0.8098933527332075,4.471615564271204,1.0,41.66666666666667,0.0,1.6092068278993712,-0.008527992738098756,14.089647838101834,0.33136554037900756,11.078946500256944,120.0,122.74305555555559,5.132895001194151,14.690894148418826,35.56854530361644,55.51952664788538,67.39182951942178,73.1525285511511,75.3487318385669,75.59756353856618,74.80853412898948,18.059182700631897,19.816379409976957,36.981880312341715,56.2560910067272,68.12795170892386,74.00868068452382,76.31042860132888,76.63036230730658,75.88324237325075,2.071186815101791,17.314371739151223,13.299117340640024,10.126107663902879,9.073584526079925,9.987948642171439,11.224632877597195,12.076842453151619,12.538772443167023,12.725945723180397,299.7874687215185,176.86652204011216,102.53805642095263,82.32993615191705,99.75911807865428,125.99238323683589,145.8501236382452,157.22081438152472,161.94969454933343,0.0
199804,15125.0,3.7250000000000005,1.0,137500.0,0.05462809917355372,2.0,9.0,25.0,40.0,0.08333333333333333,0.16666666666666666,0.25,0.3333333333333333,0.4166666666666667,0.5,0.5833333333333334,0.6666666666666666,0.75,0.8333333333333334,0.7324524547092748,0.046682098765432146,1.076336473234863,3.023341049382715,5.756172839506173,4.5511188271604945,1.1779073539256308,0.11149691358024684,25.0,0.0,0.0,0.0,0.0,0.0,0.0,0.0,0.0,0.0,0.0,0.0,11.25,0.14047044520989438,0.17965177106921854,0.9047449222352295,0.1100657021885875,0.9047449222352296,0.1100657021885875,0.43846896574539646,0.07539101778408488,0.24005081711495962,0.21614060529756887,0.24005081711495968,0.07539101778408488,0.4384689657453964,-8.566516256029104,-73.34744645456531,-90.23308359149826,-28.420892706191808,52.5892447308797,-16.69231565650013,153.71448726328057,-99.58887226034226,-62.72478480568464,-87.55773913733077,468.5632467825261,-0.03840220012626319,55.0,0.030810604651783615,41.66666666666667,33.75,8.75,13.181818181818182,-1.3636363636363635,32.5,7.5,10.0,0.0,0.0,10.0,2.0,0.0,45.0,3.0,41.666666666666664,35.50234734023466,146.52171101348128,-0.19577300133337208,-0.36713286713286647,8.879357997634989,-4.376482052893745,-1490.1441415844067,0.8354980568890102,3.14123473693791,1.0,41.66666666666667,0.0,1.2653591530539547,-0.008290615886930575,13.999280766897936,0.4932778013583258,11.016086722001905,145.0,121.35416666666667,6.194510200820617,15.431224279264546,34.80239665785201,53.739830678942894,65.07046372480659,70.57363638310643,72.66600392464402,72.89242052002751,72.1239281655259,19.108570285405285,20.555674456711362,36.20807206395591,54.50102309235884,65.86258385698441,71.49242294089782,73.68618484414888,73.97662540703847,73.2429666677811,2.085933517277434,18.076656265034277,13.579877378435064,9.99087931356173,9.077010339995192,10.184041582639713,11.424901996310073,12.219071589515163,12.61888019377169,12.754260161677596,326.76550172420303,184.4130696133324,99.81766945815572,82.39211671237963,103.7147029569348,130.5283856252899,149.30571050969664,159.23613734476342,162.6711522717562,0.0
199805,13750.0,3.5,1.0,125000.0,0.05205454545454546,2.0,9.0,15.0,40.0,0.08333333333333333,0.16666666666666666,0.25,0.3333333333333333,0.4166666666666667,0.5,0.5833333333333334,0.6666666666666666,0.75,0.8333333333333334,0.796490490941855,0.07561728395061765,0.08786371935161394,4.767832647462278,7.169067215363515,3.57716049382716,0.9622048677540095,0.14420438957476017,25.0,0.0,0.0,0.0,0.0,0.0,0.0,0.0,0.0,0.0,0.0,0.0,15.0,-0.39673861815439615,0.13354337637459857,0.6916161785213589,0.16030894638587614,0.691616178521359,0.16030894638587614,0.2897022682854531,0.3248806447168805,0.08340278739357783,0.2934210595851015,0.08340278739357776,0.3248806447168805,0.2897022682854531,-13.530261691644663,-55.08150459682553,-38.92469958109225,-118.35151076725779,18.708137956066192,59.01656504731434,57.25469895096281,121.09604409757686,-198.42519053324534,368.33677394516513,129.53514379265536,-189.62817126990348,55.0,0.03727875176410677,50.0,31.666666666666668,9.444444444444445,13.636363636363637,-2.727272727272727,30.0,7.5,10.0,-5.0,0.0,10.0,2.0,0.0,45.0,2.0,25.000000000000004,33.8501600193165,151.47256712100938,0.041939268821436705,-0.8041958041958035,10.363318030017744,-4.179782140094478,-1323.3240277867335,0.6277692836723086,3.069667680818486,1.0,50.0,0.0,1.1693460439893535,-0.007527436441705156,15.45101680480164,0.7714351305734721,11.960583412006102,150.0,143.05555555555554,5.043849466482238,15.192900126584052,34.10810605500844,51.98162630086926,62.54487505336607,67.61055293813854,69.48108591077882,69.61264688500532,68.82221477464041,16.70825850602405,20.058964043601094,35.34899670449939,52.78303231022379,63.48413678034401,68.69877494403835,70.66368210941003,70.84476689550274,70.07431843159388,2.086817437979877,15.928762816477361,13.097244910519306,9.283785292379703,9.162915855714601,10.879992063611656,12.179277901862605,12.873797804794446,13.155241926383693,13.187602403988585,253.7254848635918,171.53782424612385,86.18866935500569,83.95902697890604,118.37422730425261,148.3348102107988,165.7346699187303,173.06039014168334,173.9128571656855,0.0
199806,14225.0,3.4499999999999997,1.0,129318.18181818182,0.06140597539543058,2.0,9.0,15.0,40.0,0.08333333333333333,0.16666666666666666,0.25,0.3333333333333333,0.4166666666666667,0.5,0.5833333333333334,0.6666666666666666,0.75,0.8333333333333334,0.796490490941855,0.00038580246913582223,0.1123284154052394,2.680319787379972,10.217421124828535,6.247878086419754,0.06183996593906795,0.9012774348422503,25.0,0.0,0.0,0.0,0.0,0.0,0.0,0.0,0.0,0.0,0.0,0.0,15.0,-0.5544833525323529,0.15355497710112254,0.4037247590800861,0.2302571091962205,0.403724759080086,0.2302571091962205,0.48956307593987225,0.3361811937214876,0.027799378857398617,0.21753065093875268,0.027799378857398582,0.3361811937214876,0.4895630759398722,-25.330710904570342,-86.58726818444978,253.4553096816028,55.371380246699836,32.072804539679574,44.74146365096701,45.230621748572204,-26.272872549283726,24.44673556250191,68.6905649427999,-13.304996156377795,67.78410016204253,55.0,0.05820484552132305,50.0,32.083333333333336,9.930555555555557,15.454545454545455,1.8181818181818181,30.0,7.5,10.0,0.0,0.0,10.0,3.0,0.0,45.0,2.0,25.000000000000004,34.42988043352266,171.45355354265968,0.09875714210005583,0.506993006993008,10.683083173914735,-4.0108182279695725,-1335.286910565896,0.625128978499424,2.9961978868061543,1.0,50.0,0.0,1.1451024983908855,-0.007362985796272419,15.739180452355026,0.7376565353738884,12.493053625470791,170.0,156.07638888888889,3.2479777538901557,13.71802933932157,33.67849679577455,51.85589971830665,62.50573994412756,67.59910709351122,69.4792779726949,69.61427579883535,68.82497083433546,15.680724951836988,19.075448004206645,35.034620176310945,52.7275411384373,63.53987690016032,68.79770175775973,70.77981442810496,70.967390325944,70.19860645329994,2.0818376136584282,15.34065759755421,13.254749624444207,9.653158264287258,9.547735800205311,11.417023715689869,12.786105243961323,13.506000994741832,13.79213887250914,13.81910770050503,235.3357755253977,175.68838760670386,93.18346447537738,91.15925891052215,130.3484305246249,163.48448730965524,182.41206286996737,190.2230946785777,190.96773763815744,0.0
199807,13950.0,3.5500000000000003,1.0,126818.18181818182,0.05799283154121864,25.0,25.0,25.0,25.0,0.08333333333333333,0.16666666666666666,0.25,0.3333333333333333,0.4166666666666667,0.5,0.5833333333333334,0.6666666666666666,0.75,0.8333333333333334,0.796490490941855,0.0555555555555554,0.1899898180906329,2.6598079561042525,9.15363511659808,7.444444444444445,0.32304173197795427,2.0747599451303165,25.0,0.0,0.0,0.0,0.0,0.0,0.0,0.0,0.0,0.0,0.0,0.0,15.0,-0.6394706994328936,0.028127544890554614,0.7541396547859153,0.026245377685399363,0.7541396547859153,0.026245377685399324,0.3218626815946608,0.5364953536240123,0.20207944952893547,0.5544323930590106,0.20207944952893553,0.5364953536240123,0.32186268159466075,-17.58012921826802,-93.82988653397119,-116.62055209578008,18.246435843893963,56.20955456124585,63.81202932694263,-20.056069373468805,229.65465695449342,-64.69141289233174,124.3008550816405,-45.77599429593075,128.81782192177675,55.0,0.07887401544914371,50.0,31.666666666666668,10.277777777777779,17.272727272727273,0.0,30.0,7.5,15.0,0.0,0.0,10.0,2.0,0.0,45.0,3.0,25.000000000000004,34.09545424246464,191.3745260354605,0.18003953795328406,0.13986013986014004,11.390363259904346,-3.7877349076255604,-1293.7224833816429,0.6582632765493619,2.7763001876514664,1.0,50.0,0.0,1.0708679298852042,-0.00699924175204919,16.300786048387476,0.7510209535202035,12.638125740085918,190.0,159.72222222222226,4.637534312323269,14.239445896612239,34.027057097244516,52.02433741286452,62.482815983637835,67.4351129718866,69.22248459290863,69.29890885730127,68.47353619679483,18.837965650743016,18.473622948292704,35.00577513496034,52.86932247282462,63.55580733558171,68.68920696896573,70.58379108588794,70.71434065180888,69.90949415579409,2.0903908940707487,18.258209807114113,11.769151430461745,8.219712774803574,9.414540641366617,11.629202587986656,13.065706735355091,13.79562216214986,14.077613611955748,14.096531978654834,333.362225360598,138.51292539313974,67.56367810026906,88.63357548794374,135.23835283243554,170.71269249430338,190.3191908408004,198.17920500752174,198.71221382523836,0.0
199808,16350.0,3.6500000000000004,1.0,148636.36363636365,0.061681957186544345,2.0,9.0,15.0,40.0,0.08333333333333333,0.16666666666666666,0.25,0.3333333333333333,0.4166666666666667,0.5,0.5833333333333334,0.6666666666666666,0.75,0.8333333333333334,0.81403803623258,0.05555555555555509,1.0570377801323738,4.5407235939643344,6.218449931412894,7.391203703703702,1.9884011773436219,4.066529492455419,33.333333333333336,0.0,0.0,0.0,0.0,0.0,0.0,0.0,0.0,0.0,0.0,0.0,17.5,-0.9588784336571226,0.2592296819243528,0.4681607854858985,0.5048981505414878,0.46816078548589857,0.5048981505414877,0.15329890641095742,0.23175837119200565,0.1790194927814848,0.3541985486457598,0.17901949278148477,0.23175837119200565,0.15329890641095745,-38.27865208130924,-60.082449497231,267.8122313046915,113.50644164500264,8.886639640229069,18.24812167044801,79.96337631411207,158.77845604530143,-225.11681785005064,49.070545725648586,64.74654636529145,79.78358543055964,55.0,0.06897782482301112,50.0,34.166666666666664,11.666666666666666,19.09090909090909,1.8181818181818181,32.5,7.5,20.0,0.0,0.0,10.0,3.0,0.0,45.0,3.0,16.666666666666668,36.9120576505835,211.34131245394687,-0.011888540651681356,0.7342657342657348,13.362883292853505,-2.9554774080287856,-1353.0363769467772,0.8529197933096785,2.3492546246044186,1.0,50.0,0.0,0.9391909174699092,-0.005984802877961053,17.93822211204299,0.5524950645218574,13.969212178533509,210.0,195.1388888888889,4.62188513001048,14.389189890926808,34.291995267152494,53.590114636859575,65.13585348633849,70.7616775164797,72.92348035885063,73.18895882225557,72.4418759677025,18.94723345610158,17.87563355970537,35.31499939051014,54.5729521286292,66.21321708309138,71.93815026102928,74.16641682936047,74.46688739618376,73.73208371587806,2.0809466989093712,18.374869618176966,10.606106233850133,8.43849764764571,10.310514887332376,11.89582729778937,12.95694632358097,13.521220272548309,13.736579814134664,13.732981299239388,337.63583348500293,112.48948944371466,71.20824254932218,106.30671724190255,141.51070709883075,167.88245803215844,182.82339765877134,188.69362499009193,188.59477536525876,0.0
199809,15750.0,3.6750000000000003,1.0,143181.81818181818,0.058793650793650794,2.0,9.0,15.0,40.0,0.08333333333333333,0.16666666666666666,0.25,0.3333333333333333,0.4166666666666667,0.5,0.5833333333333334,0.6666666666666666,0.75,0.8333333333333334,0.75,0.0138888888888891,1.1272856491209091,3.8912894375857334,7.169067215363514,7.342592592592589,3.2561162713180467,4.897290809327847,25.0,0.0,0.0,0.0,0.0,0.0,0.0,0.0,0.0,0.0,0.0,0.0,17.5,-1.0563139120095126,0.10065410086098361,0.3934588194737666,0.37646959588282813,0.3934588194737666,0.37646959588282813,0.17601807467759262,0.41096110119106877,0.025120185707525628,0.3661168829173329,0.02512018570752561,0.41096110119106877,0.17601807467759262,-51.504408762674316,-37.15648319156959,-108.555226182724,-81.86583022982795,39.23199340269417,146.18529853283687,142.58173213286466,-43.01994070390126,-110.58698964732368,208.56177591575627,21.491108967914755,235.9965901050838,55.0,0.05496445073597042,50.0,33.333333333333336,12.222222222222223,21.363636363636363,-1.3636363636363635,30.0,10.0,25.0,-10.0,0.0,10.0,3.0,0.0,45.0,3.0,33.33333333333333,36.2284418654736,236.25895497996137,0.1425527705304655,0.4195804195804208,14.349197199946532,-2.8511389186639176,-1259.1881125884297,0.8173500587400534,2.108955414847529,1.0,50.0,0.0,0.8334556186086939,-0.0054775557257417794,18.614228604912004,0.5952784191174791,14.191155304938668,235.0,201.3888888888889,5.711014345284102,14.749109010233717,34.106028771167374,53.16811334144517,64.64457733854498,70.26064002866651,72.43292147426568,72.7152884144857,71.9864654259551,19.26806747200903,17.689052472066024,35.48615844397765,54.52981169000161,66.0056353531305,71.62845722269486,73.79756228452233,74.06537482744871,73.31389804914686,2.0839699341384974,18.402248211940076,9.76557017094996,9.800318493364873,12.109999449144366,13.33501102704113,13.9312004818527,14.12629059027227,14.077165166631955,13.887996350750834,338.6427392538517,95.36636076374765,96.04624257138956,146.65208665827686,177.82251909130855,194.0783468655729,199.55208584081484,198.16657912863607,192.8764426384685,0.0
199810,14375.0,3.5250000000000004,1.0,130681.81818181818,0.056295652173913045,2.0,9.0,15.0,40.0,0.08333333333333333,0.16666666666666666,0.25,0.3333333333333333,0.4166666666666667,0.5,0.5833333333333334,0.6666666666666666,0.75,0.8333333333333334,0.75,0.031249999999999924,1.7538334511924254,3.94849537037037,7.413580246913581,10.69849537037037,2.903188153745846,3.336805555555555,33.333333333333336,0.0,0.0,0.0,0.0,0.0,0.0,0.0,0.0,0.0,0.0,0.0,20.0,-1.1057937716262973,0.015097752515227084,0.4303587103979092,0.1453005986614649,0.43035871039790924,0.14530059866146494,0.4117454412660819,0.2712089472149814,0.050334503479519954,0.3986562549450299,0.05033450347951991,0.2712089472149814,0.4117454412660819,-44.89165538312302,-35.82482037500443,-84.79504270908966,-79.12985618743943,80.16691846911954,115.634112749843,64.75788417143241,155.58538327215263,29.927251194779707,67.80421193455712,73.01380122062345,-144.24289116054558,55.0,0.03993242656967105,50.0,31.25,12.5,21.363636363636363,-1.3636363636363635,27.5,12.5,25.0,-10.0,0.0,10.0,3.0,0.0,45.0,3.0,33.33333333333333,34.61093276215865,236.25895497996137,0.38311663099006354,0.017482517482519108,13.796179067179546,-2.5798439719878083,-1266.9579842970547,0.9202204542430912,2.203667664150806,1.0,50.0,0.0,0.8366221771949424,-0.005761965051164803,17.534362566841178,0.4817762851757167,14.877975892797604,235.0,221.35416666666666,4.273754336612376,14.190849641076786,33.97697326518382,52.242172138039905,62.9217422227866,68.01071398645377,69.87486275805965,69.99120290922936,69.1837491589351,17.063914550046142,17.88316282421006,35.7182191396393,53.89894565497897,64.60691278709648,69.69765490133473,71.53894110077995,71.6184963516093,70.76779461161365,2.0812422225001543,16.520054589545502,10.882430751516855,11.016191095123542,13.260912224194174,14.659724947238395,15.241583966187072,15.340262330325178,15.1802679483781,14.889244658648087,272.9122036415634,118.42729906155971,121.35646624427922,175.85179301778248,214.90753552868375,232.30588179833083,235.32364836319366,230.44053498455546,221.6896065050806,0.0
199811,15500.0,3.525,1.0,140909.0909090909,0.05788709677419355,2.0,9.0,15.0,45.0,0.08333333333333333,0.16666666666666666,0.25,0.3333333333333333,0.4166666666666667,0.5,0.5833333333333334,0.6666666666666666,0.75,0.8333333333333334,0.796490490941855,0.02469135802469143,0.5477253023741966,2.7461419753086407,8.780864197530864,11.74614197530864,4.546410500094939,1.5802469135802466,33.333333333333336,0.0,0.0,0.0,0.0,0.0,0.0,0.0,0.0,0.0,0.0,0.0,23.75,-1.365024669120526,0.09616359163345445,0.32493152450832485,0.22926159144652986,0.32493152450832485,0.22926159144652986,0.43145724753271036,0.3543328036316806,0.1737093907902111,0.018728671362008065,0.1737093907902111,0.3543328036316806,0.43145724753271036,-46.7820467641365,-29.680530141568305,145.11989100811803,168.49927927817882,37.705894583043936,6.489905965550224,136.96299828175384,94.93488171366369,-253.79729893031845,128.02379987914262,9.127291697863285,50.69114847001676,55.0,0.046734509999148015,50.0,32.5,13.75,24.09090909090909,1.3636363636363635,27.5,12.5,30.0,-10.0,0.0,10.0,4.0,0.0,45.0,3.0,33.33333333333333,35.939764421413045,265.2756170195686,0.16437955994247824,0.4895104895104899,13.534266454019905,-2.884158738030303,-1289.3656828355797,0.8159444347931418,2.082507671309941,1.0,50.0,0.0,0.7832460417552237,-0.005896662966504045,17.267959338807007,0.5828944146901777,15.343293866268308,265.0,235.41666666666666,2.9795605962056566,13.366509704689724,34.53267109264935,53.50502368755406,64.50900407848155,69.73316675325238,71.64000292070224,71.75334982555633,70.92034643567214,15.767671923136545,17.313413323084898,35.945692838727,54.89570663188163,66.03940523382715,71.34259841148165,73.2761315975403,73.38456108842722,72.52913512150987,2.0751612813586684,15.483594431823867,11.004121919099642,9.97935172558866,12.278071787047539,14.13475986496016,15.068238207071193,15.398098695027825,15.386701886773617,15.191441765628497,239.74169652920708,121.09069921040918,99.58746086300938,150.75104680789275,199.79143644008855,227.0518026650401,237.1014434218176,236.75059495244275,230.77990291848184,0.0
199812,15500.0,3.7,1.0,140909.0909090909,0.05485483870967742,2.0,9.0,15.0,45.0,0.08333333333333333,0.16666666666666666,0.25,0.3333333333333333,0.4166666666666667,0.5,0.5833333333333334,0.6666666666666666,0.75,0.8333333333333334,0.796490490941855,0.4459876543209877,0.32365986856505163,3.8989197530864192,5.555555555555555,7.047067901234568,9.625414205509022,0.26080246913580246,33.333333333333336,0.0,0.0,0.0,0.0,0.0,0.0,0.0,0.0,0.0,0.0,0.0,23.75,-1.365024669120526,0.11924700218896091,0.43468996772699564,0.19350541894994794,0.43468996772699564,0.19350541894994794,0.4750106139095449,0.1596596879183507,0.13629651555929867,0.25091276111662025,0.13629651555929864,0.1596596879183507,0.4750106139095448,-36.823531165636055,-23.49771804188959,24.563629054840785,101.0890090037023,14.224402791209496,-22.358272184596736,253.40580356760753,-8.73334366109965,-127.36107020186165,44.7093260688995,150.6109898357372,-43.271634036723,55.0,0.054609025040405754,50.0,32.5,13.75,23.636363636363637,1.8181818181818181,27.5,12.5,30.0,-10.0,0.0,10.0,3.0,0.0,45.0,4.0,33.33333333333333,35.939764421413045,260.28392900344073,0.16437955994247824,0.27972027972027985,13.534266454019903,-2.8841587380303024,-1289.3656828355793,0.8159444347931416,2.082507671309942,1.0,50.0,0.0,0.783246041755224,-0.005896662966504047,17.267959338807007,0.5828944146901777,15.343293866268308,260.0,235.41666666666666,3.800559359708162,14.077339246954752,34.4934273594882,53.46978454022115,64.67656761890098,70.07824696839756,72.10729090187975,72.29852758172137,71.51301416621094,20.028698349177635,17.599347363890036,36.073307282297804,55.0198615302113,66.23980769155325,71.64184185501416,73.65355238706849,73.81525755867851,72.99357004627402,2.086787360662145,19.664803739566935,10.562459342454797,10.558738905702272,12.967933683742837,14.305723471802729,14.885993625389581,15.012807133455496,14.8867443710544,14.62703226781248,386.70450611568566,111.56554736101062,111.48696727879083,168.16730402595206,204.6537240516875,221.59280621513923,225.38437802633223,221.61515796911988,213.9500729636275,0.0
199901,18425.0,3.8750000000000004,1.0,167500.0,0.05584803256445048,2.0,9.0,15.0,50.0,0.08333333333333333,0.16666666666666666,0.25,0.3333333333333333,0.4166666666666667,0.5,0.5833333333333334,0.6666666666666666,0.75,0.8333333333333334,0.7324524547092748,0.1701388888888887,0.8293615383212212,6.6529706790123475,1.9290123456790116,2.8721064814814796,15.215005745629396,0.0003858024691357937,16.666666666666668,0.0,0.0,0.0,0.0,0.0,0.0,0.0,0.0,0.0,0.0,0.0,26.25,-1.5203543252595153,0.03682387465420772,0.3346817606473041,0.43449391459958253,0.3346817606473041,0.43449391459958253,0.286899058518335,0.03942804314314499,0.4677895745077083,0.06713003006104293,0.4677895745077082,0.03942804314314499,0.2868990585183351,-44.20096044895009,-34.195080211054666,275.1856757538996,166.93390597991865,4.309821985915943,-17.98884255576844,188.88656313891897,-52.27800970230374,-111.11338280458965,-17.023950034639604,81.48193385271655,92.66443614722587,55.0,0.056702255298292134,41.66666666666667,36.25,13.75,23.181818181818183,1.3636363636363635,35.0,12.5,25.0,-10.0,0.0,15.0,4.0,0.0,40.0,4.0,33.33333333333333,39.18439315169583,255.2872589702271,-0.015419554807649616,0.12237762237762306,10.651461785300205,-3.67960568053217,-1547.6076597717356,0.7034128173139335,2.6371519478566925,2.0,41.66666666666667,0.0,1.1161298977209448,-0.007379248224702749,15.75983395442244,0.5956631148837607,14.877975892797604,255.0,221.35416666666666,5.275346338000483,15.291164144822668,36.37030909783591,56.878517169788296,69.11383011038667,75.05779198048232,77.33010631897803,77.59619402016627,76.79280936438629,20.105861915543255,19.00773978696735,37.18480628957369,57.62376908559792,69.9859825699261,76.0691856348143,78.44189359373367,78.76908689185785,77.99762879421496,2.078624770226826,19.401453666698217,11.29045928672307,7.74018313226466,9.237588873532394,11.01436533580618,12.36320614397745,13.159989637768993,13.542515400093237,13.656299917809973,376.41640438103764,127.47447090515122,59.910434920994355,85.33304819640946,121.31624375060879,152.84886615848177,173.18532726618727,183.39972336176245,186.4945274451767,0.0
199902,18850.0,3.8999999999999995,1.0,171363.63636363635,0.05748010610079576,2.0,9.0,15.0,50.0,0.08333333333333333,0.16666666666666666,0.25,0.3333333333333333,0.4166666666666667,0.5,0.5833333333333334,0.6666666666666666,0.75,0.8333333333333334,0.6859619637674199,0.3024691358024682,1.0513032148869088,8.967421124828531,0.3182441700960218,1.817901234567902,14.3279834792146,0.3628257887517149,16.666666666666668,0.0,0.0,0.0,0.0,0.0,0.0,0.0,0.0,0.0,0.0,0.0,26.25,-1.5716436448492603,0.021728635357193778,0.6418228841858877,0.1554557417589116,0.6418228841858877,0.1554557417589116,0.4343470719177468,0.08828653395358654,0.5369686980020933,0.06847994865141901,0.5369686980020933,0.08828653395358654,0.4343470719177468,-45.90067586982096,-40.168148121033575,168.17557242725601,-11.951839615420116,83.77210304853563,-71.63313532831236,254.79802466021965,-243.48873737531918,4.990872780533671,25.334751784524478,176.0538547135396,171.38743496787922,55.0,0.05034072116890949,41.66666666666667,36.666666666666664,14.166666666666666,22.727272727272727,-0.9090909090909091,37.5,12.5,25.0,-10.0,0.0,15.0,4.0,0.0,40.0,4.0,33.333333333333336,39.63373983531372,250.30383821297508,-0.08290742408079557,0.6293706293706298,10.209018894896442,-3.673013755787963,-1600.9524930707548,0.7325426128463903,2.72792534428951,2.0,41.66666666666667,0.0,1.1503372615146774,-0.0076067902826246845,15.228442416352047,0.5605513240883975,15.04622507105649,250.0,226.38888888888889,6.394153863053916,15.502158483808193,36.50157721999668,57.15149853897796,69.5759448927008,75.66007040120635,78.02026389000616,78.33676327439298,77.55943447575622,18.98046977851828,21.509498520779676,38.126326528402714,58.15469471571981,70.59920612929996,76.78472823759024,79.22423783207564,79.5876543607266,78.83195412873717,2.082252773153667,17.8710108664518,14.911123665180863,11.011432014184367,10.755218836814528,11.976468526875959,13.093824399505541,13.759298041945558,14.055114596978525,14.107129954607986,319.3730293888384,222.34160895831678,121.25163500300437,115.67473222777005,143.43579837525039,171.44823740508664,189.31828260708684,197.54624633419883,199.0111155561979,0.0
199903,16450.0,3.85,1.0,149545.45454545456,0.06042553191489362,25.0,25.0,25.0,25.0,0.08333333333333333,0.16666666666666666,0.25,0.3333333333333333,0.4166666666666667,0.5,0.5833333333333334,0.6666666666666666,0.75,0.8333333333333334,0.6745665634070153,0.2608024691358031,0.6605637238115799,7.7480281207133075,0.17832647462277088,2.3063271604938267,13.43117152996071,1.0166323731138547,16.666666666666668,0.0,0.0,0.0,0.0,0.0,0.0,0.0,0.0,0.0,0.0,0.0,21.25,-1.4589570059057186,0.0006345453417023009,0.42613740909435466,0.7445003423390772,0.42613740909435466,0.7445003423390772,0.14998153087411473,0.1722264025577477,0.43092860760891316,0.2956458677818239,0.43092860760891305,0.1722264025577477,0.14998153087411475,-42.42117470836861,84.09242224129774,-142.88585511716005,-57.508013633513755,-60.90395102404602,-121.63851619256987,190.26585804138418,122.66976159127888,110.7724538010917,29.48201108486568,105.22693144980676,-40.66673394284477,55.0,0.046590700003633044,41.66666666666667,34.166666666666664,13.194444444444445,21.818181818181817,0.0,27.5,12.5,25.0,-10.0,0.0,15.0,4.0,0.0,40.0,4.0,25.000000000000004,37.024766485871766,240.3121605678686,0.2113510621526302,1.0139860139860144,11.53089042739867,-3.7249252367388106,-1387.1812843788075,0.6793863510091733,2.6257353664550567,2.0,41.66666666666667,0.0,1.1215441846094953,-0.006926970637337824,17.145961176465512,0.6935891523568237,14.264368973853076,240.0,203.47222222222226,4.795189599194312,15.75933168564888,36.81158989467222,56.220026477272484,67.58837416949147,73.0064178358279,74.98554198599594,75.09915468555464,74.22646428022875,13.656388206556793,24.498239616880447,39.27494240533094,57.74174372210662,69.18007962777872,74.7168412937408,76.76265464448532,76.89913295299476,76.02152974665853,2.0798816577557586,12.78683289778834,18.756524442118636,13.690432804280832,13.168811296552892,14.754494041837638,15.89557572705562,16.421742938402254,16.54066547746801,16.422697265614197,163.50309555596215,351.80720914779386,187.4279503685287,173.41759096421904,217.69509443062236,252.66932769455983,269.67364113496427,273.593614437502,269.704985478012,0.0
199904,17425.0,3.975,1.0,158409.0909090909,0.05806312769010043,2.0,9.0,15.0,45.0,0.08333333333333333,0.16666666666666666,0.25,0.3333333333333333,0.4166666666666667,0.5,0.5833333333333334,0.6666666666666666,0.75,0.8333333333333334,0.75,0.24112654320987742,0.9760429886598795,4.832840363511657,1.4283264746227708,5.0835262345679,9.022713870050682,0.38687414266117987,16.666666666666668,0.0,0.0,0.0,0.0,0.0,0.0,0.0,0.0,0.0,0.0,0.0,21.25,-1.422110641853481,0.1533842424778257,0.5256678313088823,0.6618963563558422,0.5256678313088823,0.6618963563558422,0.26566918492963987,0.1351904641556563,0.46058412990093167,0.10302009034987188,0.46058412990093167,0.1351904641556563,0.2656691849296399,-33.9955729190613,44.524890545635735,144.74654637355422,1.674052867799205,-37.58675315017236,-207.0653015255116,269.3135459376707,62.622973082303695,55.24460963537689,70.45771655291402,-51.49962204963368,-44.50684390004538,55.0,0.038932932125396426,50.0,35.416666666666664,12.916666666666666,22.272727272727273,2.272727272727273,35.0,10.0,25.0,-10.0,0.0,15.0,4.0,0.0,40.0,4.0,33.333333333333336,38.10621121724559,245.29558132512062,-0.017741845318047986,0.8216783216783219,12.427891789012712,-3.6932309052969825,-1372.5118403880938,0.6426719257290682,2.370556590916595,2.0,50.0,0.0,1.0263336977612798,-0.006465655651364888,18.04117246394665,0.6808659279588094,14.062114192238504,245.0,197.74305555555554,3.8235664517698513,16.375444111400174,38.50579074730714,58.441931553079115,70.01925811908073,75.49070986011147,77.45084689033617,77.51286650929285,76.57505972849067,13.846085879689467,24.23003035709035,40.47059668628435,59.658404515200914,71.42569189141601,77.09624777965868,79.17609913289121,79.29607720070996,78.37689103434532,2.0821193782910727,13.307683261057731,17.8588689804234,12.456856548442957,11.986069649579095,14.104359419024869,15.651969413431441,16.438399857380304,16.721943216429757,16.70919734121671,177.09443377663612,318.93920125992906,155.17327506848616,143.66586564456114,198.93295462103552,244.98414651899336,270.22098987112076,279.6233849335012,279.19727578772364,0.0
199905,17825.0,3.9749999999999996,1.0,162045.45454545456,0.05096774193548387,2.0,9.0,25.0,45.0,0.08333333333333333,0.16666666666666666,0.25,0.3333333333333333,0.4166666666666667,0.5,0.5833333333333334,0.6666666666666666,0.75,0.8333333333333334,0.7210570543488702,0.0652006172839507,1.0649928057348712,5.023341049382714,1.8302469135802468,4.828896604938269,7.763325095499696,0.24112654320987673,16.666666666666668,0.0,0.0,0.0,0.0,0.0,0.0,0.0,0.0,0.0,0.0,0.0,21.25,-1.398268678227289,0.16385539770948684,0.4771539975300388,0.5840604293937179,0.4771539975300388,0.5840604293937179,0.2002363073008432,0.05481895332728038,0.4321821615229675,0.09881515866754934,0.4321821615229675,0.05481895332728038,0.2002363073008432,-35.22600213644267,89.27092558023666,-38.21149968709877,-193.1627333446051,-91.22186935401601,-166.28813126111106,337.9282991064524,89.87153776789013,68.291522197299,54.183898726428524,-60.14694121990515,58.92869867582371,55.0,0.039512842184211916,50.0,36.25,12.083333333333334,20.454545454545453,-2.272727272727273,35.0,10.0,20.0,-10.0,0.0,15.0,4.0,0.0,40.0,4.0,41.666666666666664,38.54110359949059,225.31459490347032,0.06095173539056461,-0.5069930069930068,11.626701192056416,-3.993202773566575,-1433.1027233783052,0.7483391624673568,2.5448122557119666,2.0,50.0,0.0,1.0951714987611803,-0.006877696529799554,17.403505231773448,0.6698623706879185,13.090231727004173,225.0,171.35416666666666,5.419086723660873,16.571252404786144,38.69774827780143,59.267596137621894,71.39589598891124,77.21548012546128,79.37187615281019,79.53444124384141,78.63938848031671,14.00907592334108,22.32892882196941,40.23965773128624,60.3459846013731,72.60786725995716,78.56320584441339,80.79945679336022,80.99814267088026,80.11121922880902,2.075112431757755,12.918502517992447,14.965782841984764,11.032421880937157,11.357372300708722,13.210920633329435,14.489545939958317,15.121425001799569,15.32878899855457,15.285745836174685,166.88770730737718,223.97465607344554,121.71433255898097,128.98990557690573,174.52842398012942,209.94694154616255,228.65749408504908,234.9717721622076,233.65402576813173,0.0
199906,15950.0,3.85,1.0,145000.0,0.05166144200626959,25.0,25.0,25.0,25.0,0.08333333333333333,0.16666666666666666,0.25,0.3333333333333333,0.4166666666666667,0.5,0.5833333333333334,0.6666666666666666,0.75,0.8333333333333334,0.6371500754587913,0.03858024691358047,1.6950722991326836,5.433213305898491,2.0877914951989025,5.02854938271605,5.04275348961903,0.004286694101508941,16.666666666666668,0.0,0.0,0.0,0.0,0.0,0.0,0.0,0.0,0.0,0.0,0.0,20.0,-1.166534657112859,0.0092222222800974,0.5456823351787992,0.24485644678834317,0.5456823351787992,0.24485644678834317,0.5487710482755976,0.0374077338673584,0.43413262960672094,0.06616751777596164,0.43413262960672083,0.0374077338673584,0.5487710482755976,-20.662520875134902,-72.60229811933172,-15.62248920478109,7.657494472175312,105.8567489880144,-49.24533902844175,317.79732823312656,33.11710024049874,26.434511679059206,-55.975539990716946,-0.5649927148143536,-167.01954083152356,55.0,0.03718355538699505,41.66666666666667,34.166666666666664,11.527777777777777,18.181818181818183,0.0,27.5,7.5,15.0,-10.0,0.0,15.0,3.0,0.0,40.0,4.0,33.333333333333336,36.45773809037893,201.29460289707671,0.39925876847819536,-0.31468531468531563,10.421145939095396,-3.6560926778459697,-1478.607531379937,0.8163962139458345,2.730858174621103,2.0,41.66666666666667,0.0,1.1247830753070607,-0.007497696374179508,15.38493879415047,0.46882189819774367,12.720281268728124,200.0,161.80555555555557,4.245508382803759,14.976415511640608,36.44371342437964,56.61184550043999,68.49120559183135,74.1979263361206,76.32986459679675,76.51842492286006,75.67622480171804,15.94796439654167,17.47214673723814,38.28666503080043,58.52650699114263,70.35386642574244,75.99119453797324,78.05292626300331,78.17403047756149,77.26842310122359,2.070122898845579,15.372482784667666,8.99904939592355,11.735606972901211,14.847591374313184,16.08170630339643,16.41125756082435,16.309845764215734,16.003427396384215,15.605069955291526,236.31322696490375,80.98289003027199,137.72447102240753,220.45096961857928,258.62127762870045,269.3293747277144,266.01106885250596,256.1096884313408,243.5182083095423,0.0
199907,16550.0,3.75,1.0,150454.54545454544,0.04867069486404834,2.0,9.0,25.0,45.0,0.08333333333333333,0.16666666666666666,0.25,0.3333333333333333,0.4166666666666667,0.5,0.5833333333333334,0.6666666666666666,0.75,0.8333333333333334,0.7210570543488702,0.30246913580246915,3.5683762441102918,3.444444444444444,0.8024691358024691,3.1975308641975313,4.851376842309459,0.5,16.666666666666668,0.0,0.0,0.0,0.0,0.0,0.0,0.0,0.0,0.0,0.0,0.0,20.0,-1.102264426588751,0.18880577433474824,0.5118972852030702,0.24319098666437128,0.5118972852030702,0.24319098666437128,0.5542463506043229,0.1983727078794157,0.5014275138430762,0.2206511887420421,0.5014275138430762,0.1983727078794157,0.5542463506043229,-36.923796655056634,-47.547465675310896,123.73038031884191,169.46572658956788,113.32688468140118,-35.88734602829232,271.44307436281645,-50.66425846956477,-60.49673206368944,-21.380224755882022,-110.79593954975765,-52.29103777049364,55.0,0.030861859639061386,41.66666666666667,35.0,10.833333333333334,16.363636363636363,-1.8181818181818181,32.5,7.5,15.0,-10.0,0.0,15.0,3.0,0.0,40.0,3.0,33.333333333333336,37.13713325859532,181.32781647859034,0.26120668094816085,-0.6993006993006974,9.39724851305791,-4.109743435736382,-1537.618166007314,0.9293768922605844,2.8252415352228386,2.0,41.66666666666667,0.0,1.175306685378962,-0.008024272193284498,14.341623355013732,0.5712601529839655,12.41638702145945,180.0,154.16666666666666,4.857580974822386,13.885515791093539,35.55239741387967,56.46555222532578,68.95134328721728,75.04684615501553,77.41123263164509,77.733975102421,76.96581506358216,14.697586545746109,14.928762568238009,37.27950329680621,58.3817616063186,70.72260581403447,76.67378056751915,78.92330580477386,79.15406854911424,78.3099797776657,2.0594554807481584,13.871660223013706,5.482736819702019,11.21554297313098,14.834807047819158,15.728929779728093,15.711126907434362,15.374955661827967,14.926341904635155,14.447015068064479,192.42295734274066,30.060403034116217,125.78840418214769,220.071500146025,247.39923201561723,246.83950870150804,236.38926160317587,222.7956826540674,208.7162443768821,0.0
199908,13625.0,3.575,1.0,123863.63636363637,0.05,2.0,9.0,15.0,40.0,0.08333333333333333,0.16666666666666666,0.25,0.3333333333333333,0.4166666666666667,0.5,0.5833333333333334,0.6666666666666666,0.75,0.8333333333333334,0.7675475452907252,0.24112654320987628,6.618485818777263,1.386766975308642,0.10493827160493842,2.118248456790123,6.217548131840023,1.731867283950618,8.333333333333334,0.0,0.0,0.0,0.0,0.0,0.0,0.0,0.0,0.0,0.0,0.0,16.25,-0.7694060736361195,0.01717426008812331,0.45865975886330224,0.7864593905800874,0.45865975886330224,0.7864593905800874,0.3215927140316496,0.02457389708890846,0.28946406159414434,0.32291196924842924,0.2894640615941444,0.02457389708890846,0.3215927140316496,-34.50866837388839,105.03917838609162,-174.85111845301662,-32.51486495856916,52.18128861345982,-78.63695526595605,119.97493423043731,18.378045188267258,-67.8794157621218,-44.90860505070076,2.999418003212072,49.19062163137172,55.0,0.02942726768592753,50.0,31.25,10.625,15.909090909090908,-1.3636363636363635,27.5,10.0,15.0,-10.0,0.0,10.0,3.0,0.0,45.0,4.0,41.66666666666667,33.69594436525955,176.33114644537667,0.18534706957237043,-0.7517482517482517,11.404407912685151,-3.2760519159102874,-1322.1392978206081,0.8253013217516556,2.864785031204943,1.0,50.0,0.0,1.2272092125915097,-0.006992018787761919,17.39347085208445,0.23929216987584645,12.603736218545144,175.0,158.85416666666666,3.7432428403781146,12.954344391858966,33.631099534062216,52.88851461852419,64.22145005282846,69.681240138472,71.74210643934647,71.9543268849439,71.18474463307969,8.625011996481971,18.16260864316518,37.8873559771719,56.07500270933586,66.77198916131823,71.84626352996811,73.6532507038297,73.68537131527602,72.78039355945607,2.0498357088103143,7.770390271885698,12.730487583038231,17.447088211817583,18.63359735258273,18.278508956456452,17.50458099990468,16.66947818279481,15.87793400933322,15.156444774172778,60.37896497741588,162.06531410189058,304.40088707094407,347.21095029817803,334.1038896712587,306.41035598222385,277.87150288667215,252.1087884047405,229.7178181925493,0.0
199909,13100.0,3.475,1.0,119090.90909090909,0.042919847328244276,2.0,9.0,10.0,40.0,0.08333333333333333,0.16666666666666666,0.25,0.3333333333333333,0.4166666666666667,0.5,0.5833333333333334,0.6666666666666666,0.75,0.8333333333333334,0.796490490941855,0.26080246913580224,9.828932111300988,1.9660493827160503,0.8672839506172842,6.336419753086421,1.8315617158595041,0.26080246913580224,8.333333333333334,0.0,0.0,0.0,0.0,0.0,0.0,0.0,0.0,0.0,0.0,0.0,18.75,-1.0151228733459354,0.017704842535610183,0.6856153061977777,0.7603404896149272,0.6856153061977777,0.7603404896149272,0.506094704464251,0.30301078165618256,0.1773637383217002,0.628357041024941,0.1773637383217002,0.30301078165618256,0.506094704464251,-12.32369890817817,67.92496626274469,-55.487028430462814,225.2262392863943,91.95850681752793,-244.0645640829293,96.46184444228287,54.52675949190772,-63.78194940034087,75.01528188101959,-160.4355925372349,-153.55341276068785,55.0,0.021594252942684956,41.66666666666667,30.0,11.666666666666666,15.0,-0.45454545454545453,27.5,12.5,15.0,0.0,0.0,10.0,2.0,0.0,45.0,4.0,41.66666666666667,33.04037933599835,167.28127082425578,0.1177687693230351,-1.8531468531468531,10.887019895530537,-2.7932234879526803,-1375.6849534486496,0.8199650416300449,3.1283671629174696,1.0,41.66666666666667,0.0,1.2586929446730408,-0.00725810405372715,15.98397853400118,0.16133556281240002,13.844373104863458,165.0,191.66666666666666,2.782208827643988,13.325279045582375,33.55650018273091,51.815464165436076,62.406841726808864,67.42767661216264,69.25212735651007,69.34946051295289,68.53619309971931,10.134167490982398,20.199593125253088,38.07212508353148,55.071190825638965,65.05795771276276,69.73273034700196,71.32937793948055,71.26169798696965,70.32096025751646,2.0669962241776054,9.744776281406583,15.180925557525637,17.98466023761495,18.654590112740355,18.382708381537693,17.780947903115425,17.088680868661736,16.397619539081376,15.74254385216047,94.96066477466432,230.46050078313507,323.44800386244816,347.9937322743502,337.9239674406562,316.1621083333049,292.0230138309657,268.88192654846335,247.8276869371954,0.0
199910,12875.0,3.225,3.0,117045.45454545454,0.03366990291262136,2.0,9.0,10.0,40.0,0.08333333333333333,0.16666666666666666,0.25,0.3333333333333333,0.4166666666666667,0.5,0.5833333333333334,0.6666666666666666,0.75,0.8333333333333334,0.796490490941855,0.08680555555555583,14.605620235992069,6.111304012345682,0.01543209876543224,3.3859953703703676,2.9356606282054654,0.47260802469135865,8.333333333333334,0.0,0.0,0.0,0.0,0.0,1.0,0.0,0.0,0.0,0.0,0.0,20.0,-0.8541315609509716,0.05081697674683453,0.6424562582920912,0.8806471705789425,0.6424562582920912,0.8806471705789425,0.14268175881207615,0.29007970412453227,0.29133600959630235,0.5086420869805302,0.29133600959630235,0.29007970412453227,0.14268175881207618,-18.28418159052624,115.43951313966322,-14.643810430123281,141.44085728013923,-1.7900419758450083,-214.67210500836433,176.01465666951918,37.854008368299205,-46.10187890610487,93.43957799663765,-198.8167424555092,-165.65426264382683,55.0,0.015187078174667275,50.0,28.75,12.916666666666666,13.181818181818182,-4.090909090909091,27.5,15.0,15.0,-10.0,0.0,0.0,2.0,0.0,55.0,3.0,33.333333333333336,32.75540667838924,147.3144844057694,-0.18891296883695471,-3.6888111888111887,12.506920113206728,-2.2396612866767986,-1307.367500121974,0.8401159560034313,2.6932564845073284,1.0,50.0,0.0,1.0985095397778266,-0.006425012513207966,17.022866646436846,0.1586452327324709,15.695673501531136,145.0,246.35416666666666,3.5407153961781224,13.288203107675692,32.22126656596092,49.39949539914971,59.42610609612308,64.19951749932103,65.9427938356948,66.04359656384209,65.2763610700742,9.636724999890738,20.93255874625461,37.825130676234764,53.62903762951783,62.887147707591645,67.19395379590738,68.62473307366267,68.49920777267874,67.5583156051197,2.068785962010931,8.962689507440631,16.173919556945943,19.812382278755013,20.874949853296076,20.5750154568295,19.83555846405407,18.99741905034734,18.17649081635612,17.410419088874924,80.32980320678638,261.59567383455845,392.5304915595257,435.7635313776259,423.33126104877283,393.4493795809071,360.90193057450006,330.3848183970784,303.1226928502603,1.0
199911,11475.0,2.9750000000000005,2.0,104318.18181818182,0.03431372549019608,2.0,9.0,10.0,35.0,0.08333333333333333,0.16666666666666666,0.25,0.3333333333333333,0.4166666666666667,0.5,0.5833333333333334,0.6666666666666666,0.75,0.8333333333333334,0.7675475452907251,0.08680555555555536,14.930768951384193,5.953210733882029,0.1114540466392318,1.9137731481481475,4.063872680988921,0.4547753772290809,8.333333333333334,0.0,0.0,0.0,0.0,0.0,1.0,0.0,0.0,0.0,0.0,0.0,15.0,-0.5633753703475333,0.09528651113447024,0.7098734901026644,0.5143851356807715,0.7098734901026647,0.5143851356807715,0.14476381697323815,0.053814409556965294,0.2557186532444278,0.09155922266101701,0.2557186532444278,0.053814409556965294,0.14476381697323817,-8.58774108102045,-10.258094750931777,216.8447305913975,22.08255054219156,0.33747649596756324,-19.34886492809253,24.502315269448818,30.884515766651067,32.81251412450408,-244.33865169415813,-45.05363192033752,150.26330031059743,55.0,0.02182904458250832,41.66666666666667,27.083333333333332,11.597222222222223,14.090909090909092,-0.45454545454545453,25.0,12.5,15.0,0.0,0.0,0.0,2.0,0.0,55.0,3.0,33.333333333333336,30.923292192132454,157.3011800337901,0.007790100168956977,-3.094405594405594,10.598270837085423,-2.3988334341344255,-1325.1996772474313,0.6613643770085306,3.4743278453142974,1.0,41.66666666666667,0.0,1.3445199592036352,-0.007406603569498921,15.325235613955462,0.11372475591483588,14.924578907143598,155.0,222.74305555555557,2.742637657366531,11.731891484637215,29.14007699296303,45.13620910173188,54.5018027681791,58.97993951740532,60.63644903321935,60.76198792266632,60.0770802784931,14.155371863146886,20.516710844850387,35.197352199286094,49.24558571817383,57.62548392105315,61.588048770034945,62.93913273335879,62.861099583784906,62.02760973471446,2.0836588072137485,13.887134019097157,16.831462981092827,19.741061640265855,19.69391633603493,18.714964390937567,17.73286456902587,16.868772269170865,16.10896224367899,15.432718315758281,192.85249126436557,283.2981460838982,389.709514684776,387.8503406507435,350.2498921540611,314.45448582341305,284.555477869148,259.4986645682753,238.1687946135411,2.0
199912,10575.0,2.675,1.0,96136.36363636363,0.02723404255319149,2.0,9.0,0.0,35.0,0.08333333333333333,0.16666666666666666,0.25,0.3333333333333333,0.4166666666666667,0.5,0.5833333333333334,0.6666666666666666,0.75,0.8333333333333334,0.7210570543488701,0.8522376543209876,11.910256744476705,0.6329946844993136,1.4272976680384093,2.229359567901236,5.523170896126862,0.5473679698216741,8.333333333333334,0.0,0.0,0.0,0.0,0.0,2.0,0.0,0.0,0.0,0.0,0.0,26.25,-0.9145971442890697,0.07407384378171078,0.4371717830053745,0.518134240666531,0.4371717830053745,0.518134240666531,0.31880561836124005,0.048538645674312875,0.05814540989250984,0.18754282808973458,0.058145409892509825,0.048538645674312875,0.31880561836124005,-23.981231489887627,-5.113451604868118,-167.41460526828615,28.10244635066893,52.327191073687594,-20.04399642892885,86.65968812021795,56.954310685466396,-77.02871565460603,-107.54907069816491,87.8771398573903,230.00694449578629,55.0,0.024097418750625675,50.0,24.583333333333332,13.055555555555555,14.090909090909092,-5.0,25.0,15.0,15.0,-10.0,8.333333333333334,0.0,2.0,0.0,55.0,3.0,33.333333333333336,29.685855217594792,157.3011800337901,0.09999963187386147,-4.003496503496502,14.8611402917803,-1.6748199799722199,-1084.7059437046041,0.8086069125482723,2.090905726444585,1.0,50.0,0.0,0.811223294971558,-0.005214270707084415,17.937533844146966,0.14977470112423452,16.64060462309655,155.0,276.90972222222223,4.727125912139848,11.360750600747842,26.293028378524895,40.55648014283135,48.99379958971637,53.05285116984124,54.56876684032415,54.70020500688179,54.09676110479682,14.390772037050542,19.4233196822732,33.131873816994236,45.45219511765834,52.77565609739831,56.224608117604824,57.36970933439471,57.25042969654915,56.46275698633691,2.0885716760809725,13.592225735071201,15.754323002509151,20.159308552411034,20.52008673075753,19.618294479224346,18.617237730901678,17.70686970187773,16.896723725167018,16.173539021150592,184.74860043313186,248.19869326738896,406.3977213113126,421.0739594378113,384.8774782735645,346.601540728909,313.53323463927546,285.49927264462195,261.5833644686809,3.0
200001,8450.0,2.3249999999999997,1.0,76818.18181818182,0.036863905325443785,2.0,9.0,0.0,30.0,0.08333333333333333,0.16666666666666666,0.25,0.3333333333333333,0.4166666666666667,0.5,0.5833333333333334,0.6666666666666666,0.75,0.8333333333333334,0.7210570543488701,0.6172839506172837,10.231769550839678,0.2831790123456793,0.9043209876543207,2.838734567901234,4.479650202246739,2.4691358024691357,8.333333333333334,0.0,0.0,0.0,0.0,0.0,2.0,0.0,0.0,0.0,0.0,0.0,21.25,-1.001883656509695,0.1627167517850826,0.44241435330978884,0.6274490700554477,0.44241435330978884,0.6274490700554477,0.3328815882281924,0.04095181503159773,0.06032780101707459,0.13286465782909584,0.06032780101707458,0.04095181503159773,0.33288158822819236,-40.169527986819716,46.090844025560166,330.01424605680774,162.2998124850006,-21.89890511972468,48.65725926718009,-32.29930393828496,-134.69731092368087,-108.7328188198837,-57.905086095306366,220.3208358057928,-47.402758526778435,45.0,0.03868492751075209,50.0,22.5,11.666666666666666,15.909090909090908,-1.3636363636363635,25.0,12.5,15.0,0.0,8.333333333333334,0.0,3.0,0.0,45.0,3.0,50.0,26.536138880151096,177.26796645227648,-0.22446904841397183,-2.412587412587412,13.375110264920817,-1.9516836226222858,-1023.9445948098764,0.7992328603207265,2.3001162157112995,1.0,50.0,0.0,0.9269699693989426,-0.005978514720897863,17.132156460199607,0.12905002857957837,14.068285846778442,175.0,197.91666666666666,3.153631463270534,9.573413295130832,22.771117811222496,35.59816060013103,43.293570959843294,47.05307237547418,48.50462430622528,48.690911821603066,48.20071122734205,9.97887651196897,18.605756269062244,29.052399863095456,39.11774209687683,45.62827949980157,48.87607417585923,50.07321059104049,50.11173917650096,49.523173407131786,2.093003560544666,9.467448707809096,15.953805947934843,18.042121034751286,16.21630995772617,14.408560082708684,13.224182654231672,12.43494430251421,11.848270307286898,11.368207488044341,89.63258503499611,254.52392422436117,325.5181314326148,262.96870864504893,207.60660365702606,174.87900687248182,154.62783980663065,140.38150927453634,129.23614149122741,4.0
200002,6450.0,2.1500000000000004,1.0,58636.36363636364,0.03875968992248062,2.0,9.0,0.0,25.0,0.08333333333333333,0.16666666666666666,0.25,0.3333333333333333,0.4166666666666667,0.5,0.5833333333333334,0.6666666666666666,0.75,0.8333333333333334,0.7210570543488701,0.05555555555555582,6.942552173075688,1.4069787379972571,0.646433470507545,3.224537037037037,3.94650818357726,4.280521262002745,8.333333333333334,0.0,0.0,0.0,0.0,0.0,2.0,0.0,0.0,0.0,0.0,0.0,17.5,-1.2901624323198666,0.14549930565406405,0.28747964928572595,0.5839122300979233,0.28747964928572595,0.5839122300979233,0.16596447141581677,0.24757316081862016,0.026281994013602178,0.10965761071995068,0.026281994013602167,0.24757316081862016,0.16596447141581677,-32.95991768468042,45.11738038675807,-196.73320048620928,61.30181719765406,-4.222618859709259,71.11118297099755,-204.1242465942918,-9.90662790081875,152.88231253651458,45.32160861090969,237.19595025956284,37.892358487176516,40.0,0.03294850619402768,50.0,19.166666666666668,11.805555555555555,16.363636363636363,-1.8181818181818181,25.0,12.5,15.0,0.0,8.333333333333334,0.0,2.0,0.0,40.0,4.0,50.0,23.18404623873926,182.2629740641693,-0.12725378111019237,-2.062937062937062,16.775191134657,-1.6054447447831495,-753.4855251558643,0.7915284191581793,1.7684374755253909,0.0,50.0,0.0,0.647796798954822,-0.004229901702176398,19.330549193097646,0.20895855929976936,13.043729868748773,180.0,170.13888888888889,3.4646995758041315,9.533301440603804,20.899980381435174,31.496751967826356,37.71485031363307,40.67010362747457,41.73675629095286,41.77899318598015,41.280249621140236,11.300534239979642,19.141490862065087,26.379774504665455,34.174478216494606,39.47832759798933,42.12885289765834,43.07467224673033,43.05481408311024,42.51398363715736,2.1139493950519492,10.756297269896129,16.59857933875977,16.096065450060223,13.26082866365788,11.667408270666506,10.990128179553487,10.652256262071779,10.403496724515845,10.167585550013069,115.69793095837491,275.5128360651027,259.0833229726224,175.84957684689047,136.12841575441718,120.78291740301563,113.47056347284745,108.2327440970119,103.37979591683457,4.0
200003,6450.0,1.975,1.0,58636.36363636364,0.040387596899224804,2.0,9.0,0.0,25.0,0.08333333333333333,0.16666666666666666,0.25,0.3333333333333333,0.4166666666666667,0.5,0.5833333333333334,0.6666666666666666,0.75,0.8333333333333334,0.7210570543488701,0.5570987654320995,4.191552534463329,2.1400034293552803,0.7914951989026063,1.0933641975308637,2.2931868345353,7.633916323731139,8.333333333333334,0.0,0.0,0.0,0.0,0.0,2.0,0.0,0.0,0.0,0.0,0.0,17.5,-1.2901624323198668,0.24914691441076134,0.2760724305120528,0.6491657191178853,0.2760724305120528,0.6491657191178853,0.36586730654044686,0.19521929251354592,0.011863921535058775,0.19130887576206063,0.011863921535058792,0.19521929251354592,0.3658673065404468,-46.41112221838727,60.4052345216134,278.07693278389763,230.60137020463995,-21.65685992658067,-48.03522174350386,-217.52210401118052,93.2629102289761,117.24169464118236,-11.104387413017035,140.0170718638551,-116.9253945812693,40.0,0.03739121158000336,50.0,19.166666666666668,11.805555555555555,16.818181818181817,-1.3636363636363635,25.0,12.5,20.0,0.0,8.333333333333334,0.0,3.0,0.0,40.0,3.0,50.0,23.18404623873926,187.25466208029718,-0.12725378111019237,-1.5734265734265724,16.775191134657,-1.6054447447831495,-753.4855251558643,0.7915284191581793,1.768437475525391,0.0,50.0,0.0,0.6477967989548222,-0.004229901702176398,19.330549193097646,0.20895855929976936,13.043729868748773,185.0,170.13888888888889,3.219999623924647,9.342930814940683,20.191024757099477,30.226898857804887,36.11862774847843,38.917999075196676,39.92454441540044,39.9577283191122,39.47671822775345,9.802115663952817,19.556531083013013,25.21537967016338,31.961910484192767,36.99103995715979,39.631531423099844,40.64818272048094,40.72109333003128,40.275039312169646,2.112057762689627,9.258135552660388,17.180440966054565,15.104234213249091,10.387410997914031,7.986348770185044,7.486496572038312,7.635804587620237,7.847763348186393,7.979192287654774,85.71307391143428,295.167551788086,228.1378911686844,107.89830723958538,63.781766679036174,56.04763092314139,58.305511700322256,61.587389569137706,63.66750956336943,4.0
200004,4875.0,1.7999999999999998,1.0,44318.181818181816,0.04405128205128205,2.0,9.0,0.0,25.0,0.08333333333333333,0.16666666666666666,0.25,0.3333333333333333,0.4166666666666667,0.5,0.5833333333333334,0.6666666666666666,0.75,0.8333333333333334,0.6745665634070153,0.06520061728395073,1.5526502474689106,3.140625,1.8302469135802473,0.49556327160493785,2.1460380241360264,9.03125,16.666666666666668,0.0,0.0,0.0,0.0,0.0,2.0,0.0,0.0,0.0,0.0,0.0,20.0,-1.5271102523849776,0.3160457973916486,0.4824071778777729,0.8517593769349228,0.48240717787777304,0.8517593769349228,0.2772995788707229,0.36058613774638437,0.1861279989660019,0.2169645836234816,0.18612799896600188,0.36058613774638437,0.27729957887072276,-26.40734316091392,98.44123830831641,52.155534426875,-33.96981356389205,-251.4742715522519,9.705760226630707,141.4769579977626,-12.520386376857292,-42.513958423008305,362.2106602785533,4.431853584033796,-45.23922026766796,35.0,0.05718718359588297,50.0,16.25,11.25,17.272727272727273,-1.8181818181818181,17.5,10.0,20.0,0.0,8.333333333333334,0.0,3.0,0.0,35.0,4.0,41.666666666666664,20.155644370746373,192.24635009642506,-0.00230392271807015,-1.1713286713286701,18.95601418062112,-1.5618642970828376,-541.6319650060161,0.5687018624879685,1.5559317897837608,1.0,50.0,0.0,0.5291354238853486,-0.0031083355642519944,20.897244948329842,0.48934704138132235,11.92424001771182,190.0,142.1875,3.067087664385839,8.757682243482586,18.099780970843263,26.5868858234205,31.519874876513995,33.82894640760865,34.625382865719985,34.604911646796715,34.155751526170214,9.837815638146196,17.202865049564313,20.954606596590057,27.257159693882407,31.870275591325303,34.244554862876726,35.15006765345761,35.217439831599975,34.828967230134445,2.118582338271433,9.34749109596399,14.806808151512978,10.559046662713243,6.007516690797443,4.712955976446989,5.3190152009292495,6.0506295081546675,6.539736860895665,6.81480711394681,87.37558978912608,219.24156763571116,111.49346642535566,36.09025679020986,22.211954035927395,28.29192270771642,36.61011744495199,42.768158209757495,46.44159600030005,4.0
200005,4275.0,1.6,1.0,38863.63636363636,0.04093567251461988,2.0,9.0,0.0,25.0,0.08333333333333333,0.16666666666666666,0.25,0.3333333333333333,0.4166666666666667,0.5,0.5833333333333334,0.6666666666666666,0.75,0.8333333333333334,0.6859619637674199,0.17013888888888926,0.11279698624182694,2.572037894375857,2.127914951989026,0.5387731481481485,2.4857541111518637,8.48872599451303,16.666666666666668,0.0,0.0,0.0,0.0,0.0,2.0,0.0,0.0,0.0,0.0,0.0,20.0,-1.4548966340073315,0.14664806211388096,0.2678303500654162,0.4639245457288859,0.2678303500654162,0.4639245457288859,0.2254387666351182,0.4998695187809115,0.20092571626701874,0.15793584581804626,0.20092571626701877,0.4998695187809115,0.22543876663511814,-40.889799600776136,8.828139357097324,-14.223009116895993,58.53999123143073,-159.86923895456852,145.22684685490964,-12.731232392251012,97.89624960634679,191.44204508284145,92.3769539747256,162.29016738340178,-89.18185429161991,35.0,0.06338684456805348,50.0,14.583333333333334,11.180555555555555,17.272727272727273,-1.8181818181818181,10.0,10.0,20.0,0.0,16.666666666666668,0.0,3.0,0.0,35.0,4.0,33.33333333333333,18.874586088176873,192.24635009642506,0.31628242849387295,-1.2062937062937056,20.295185368703894,-1.340915448649514,-460.3945788428364,0.7632671309833687,1.5036904918297072,1.0,50.0,0.0,0.34420125545841623,-0.0024196189532379965,20.086748374365076,0.5007366055768336,11.98233653712367,190.0,143.57638888888889,2.575457992259808,7.677975078589838,15.912731783401497,23.780723145883684,28.472743834342086,30.7299965965769,31.560796570216297,31.612073715015967,31.24915069649649,11.047900028081713,14.342942184806942,17.723740046103305,24.247834640719745,28.81745627761238,31.14605396838528,32.05396028014582,32.160394532529615,31.83221582088657,2.1163989841057744,10.743514842014834,12.114812801247403,7.804865688233834,4.736527358996307,4.443944740434536,5.073853267088127,5.601115022438766,5.913355386272456,6.064696597122912,115.42311116059302,146.76868920926793,60.9159284113698,22.43469142252053,19.748644856035778,25.743986975940867,31.372489494589217,34.96777192435747,36.78054481515423,4.0
200006,4275.0,1.45,1.0,38863.63636363636,0.04847953216374269,2.0,9.0,0.0,25.0,0.08333333333333333,0.16666666666666666,0.25,0.3333333333333333,0.4166666666666667,0.5,0.5833333333333334,0.6666666666666666,0.75,0.8333333333333334,0.6859619637674199,0.47260802469135804,0.28557247927983015,1.3742498285322364,1.0075445816186561,0.19695216049382733,7.163287260089168,4.3076560356652935,16.666666666666668,0.0,0.0,0.0,0.0,0.0,2.0,0.0,0.0,0.0,0.0,0.0,20.0,-1.4548966340073315,0.054628912437702404,0.1373155197640459,0.3174424000319831,0.1373155197640459,0.3174424000319831,0.04764878085150777,0.3597195897667207,0.3392151253844924,0.39887821497171105,0.3392151253844924,0.3597195897667207,0.047648780851507734,-68.03872453429625,-6.5194701444238445,345.4071041228306,178.8619439872203,-77.92754116422739,95.18043137729622,21.823266704359714,150.9353471454876,104.32847350419956,152.7314185519779,-159.3233678818814,-53.381681821338795,35.0,0.06358477592602965,50.0,14.583333333333334,11.180555555555555,18.181818181818183,-0.9090909090909091,10.0,10.0,20.0,0.0,16.666666666666668,0.0,3.0,0.0,35.0,3.0,25.0,18.874586088176873,202.22145886980496,0.31628242849387284,-0.332167832167831,20.295185368703894,-1.340915448649514,-460.39457884283627,0.7632671309833687,1.5036904918297072,1.0,50.0,0.0,0.34420125545841623,-0.0024196189532379956,20.086748374365076,0.5007366055768335,11.98233653712367,200.0,143.57638888888889,2.255768413334113,5.854977918594035,14.408029350515363,22.608894122104587,27.46428521394323,29.8098122147445,30.69861103679818,30.794109023768126,30.46789923590035,10.24418827001922,8.980440139254702,14.831815083949214,22.817884206437704,27.716353274872247,30.130952806907732,31.075604236700745,31.209335631307336,30.907049723258208,2.097649856316104,9.992742475266914,6.809371385635627,3.520146150254472,3.081192339641238,3.7295142505024157,4.38741527254606,4.825811754246796,5.074000392182915,5.191612345599145,99.85490217700351,46.36753866751326,12.39142891915138,9.493746233863847,13.909276544700596,19.249412773770423,23.288459087426542,25.745479979872375,26.95283874697746,4.0
200007,3114.0,1.3900000000000001,1.0,28309.090909090908,0.05902055234425176,2.0,9.0,0.0,25.0,0.08333333333333333,0.16666666666666666,0.25,0.3333333333333333,0.4166666666666667,0.5,0.5833333333333334,0.6666666666666666,0.75,0.8333333333333334,0.6859619637674199,0.01580246913580236,0.3623702615455079,1.0027297668038406,0.6769272976680384,0.452716049382716,9.325887625971637,3.2465294924554176,16.666666666666668,0.0,0.0,0.0,0.0,0.0,2.0,0.0,0.0,0.0,0.0,0.0,20.0,-1.3379814579943903,0.161943290858862,0.1871141297757551,0.7248327285690938,0.1871141297757551,0.7248327285690938,0.2225480592378536,0.31183690994176794,0.4834669790631102,0.040782034900703014,0.4834669790631102,0.31183690994176794,0.22254805923785362,-90.93800913243872,62.2831469980061,-1.8330232128956363,-16.021783372422313,37.68865417392183,181.00772913165227,159.8608712194102,8.622427032456102,106.06589680803569,-209.8983047075618,-59.23099651604591,194.7708266454009,30.0,0.08340844795505913,50.0,12.333333333333334,9.277777777777777,17.454545454545453,-0.18181818181818182,9.0,6.5,20.0,0.0,16.666666666666668,0.0,3.0,0.0,30.0,4.0,33.33333333333333,16.109003693587013,194.23085322933775,0.4918941374283097,0.3426573426573428,20.86779587091748,-1.5017553123551666,-346.951331864959,0.6163345720845792,1.3072876204289585,2.0,50.0,0.0,0.22704890837124572,-0.002125133552099581,20.68893085842046,0.4634622407805674,10.362861037806542,192.0,107.38888888888887,1.9640351061320687,4.816838818551844,12.511611213621011,19.98744183619017,24.47229966472173,26.67445652777357,27.539054518629907,27.669701864423057,27.407045860268635,7.5060847417512955,6.056400844951756,13.84629698348785,21.153310751738744,25.43788423884542,27.504832160818022,28.279267313367722,28.346106992789743,28.035467203306027,2.0739343001053636,7.24457550531654,3.671247062079099,5.931233007911394,6.925656979994098,6.942082084573836,6.70739600312131,6.427864030985534,6.155435027731731,5.902648432761323,52.4838742522324,13.478054990824416,35.179524994137644,47.964724604540976,48.19250366896102,44.98916114268772,41.317436000837596,37.88938038062674,34.8412585207797,4.0
200008,3975.0,1.4849999999999999,1.0,36136.36363636364,0.06524779874213837,2.0,9.0,0.0,25.0,0.08333333333333333,0.16666666666666666,0.25,0.3333333333333333,0.4166666666666667,0.5,0.5833333333333334,0.6666666666666666,0.75,0.8333333333333334,0.7324524547092748,0.01125,0.06332581717532304,1.4468629972565163,0.16310013717421118,0.5396064814814815,12.243682070341825,1.7249811385459526,16.666666666666668,0.0,0.0,0.0,0.0,0.0,2.0,0.0,0.0,0.0,0.0,0.0,20.0,-1.6346296004758334,0.1619589022727655,0.04354258080349427,0.8775745569125065,0.0435425808034943,0.8775745569125065,0.12600654469182782,0.00044739986080824523,0.5332958761228124,0.06927008506109855,0.5332958761228124,0.00044739986080824523,0.12600654469182776,-76.02693077917895,144.22907108159308,137.67119427348456,75.7728983678756,-19.704992528054074,-118.28465992462668,-103.15129496593184,1.1514089483169316,202.27579834383678,-21.66986758870419,103.86702180159924,157.39389257565716,31.0,0.06312273372084401,50.0,14.083333333333334,10.930555555555555,19.545454545454547,1.9090909090909092,9.0,9.0,20.0,0.0,16.666666666666668,0.0,4.0,0.0,31.0,4.0,33.33333333333333,18.200274723201296,216.25258209578044,0.25279844841097937,0.9545454545454545,19.264018366017734,-1.8458971909711095,-432.23871965621936,0.5108571271470167,1.3514706056509838,2.0,50.0,0.0,0.2982645656632319,-0.002949933411762308,19.9825882054055,0.6641367322271035,11.528647892195433,215.0,132.9097222222222,1.3792224788600222,5.2125137540163875,13.78717437121666,21.99247873554575,26.86198075700619,29.22804718369815,30.139566314047233,30.2576491175255,29.952860991252262,6.500089517658985,9.209565070502054,15.159431812776797,22.863717968599943,27.660115819533274,30.021125302833806,30.932758828373075,31.045765660291284,30.73075573946331,2.074569774018124,6.352079115642959,7.592482410384728,6.302554699794021,6.251438107687535,6.596665594087959,6.854868509020629,6.960036719403242,6.950844215951769,6.870623462050274,40.34890909138743,57.6457891520015,39.722195743895696,39.0804784142479,43.515996960223845,46.989222275962696,48.44211113544144,48.31423531443017,47.205466757275694,4.0
200009,3875.0,1.5899999999999999,1.0,35227.27272727273,0.05693161290322581,0.0,0.0,0.0,0.0,0.08333333333333333,0.16666666666666666,0.25,0.3333333333333333,0.4166666666666667,0.5,0.5833333333333334,0.6666666666666666,0.75,0.8333333333333334,0.6684144184766948,0.18334876543209858,0.05986854777268086,1.227878086419753,0.6580246913580251,0.14824845679012347,14.77567157568411,0.19705246913580227,16.666666666666668,0.0,0.0,0.0,0.0,0.0,3.0,0.0,0.0,0.0,0.0,0.0,21.25,-1.686335042992201,0.07612701481126152,0.029923454135933353,0.6646100187178959,0.02992345413593337,0.6646100187178959,0.07545802969294498,0.08164016559283173,0.5688469842599458,0.13348024969643407,0.5688469842599458,0.08164016559283173,0.0754580296929449,-57.45966478979306,87.09154438070242,-217.02079506821389,26.91108331912202,-109.10824405764752,29.704552291629543,197.5554985838694,24.604796980640923,218.82060486212686,13.167827536443848,150.36634278824354,-104.79225653152135,31.0,0.05365133823013322,50.0,13.25,11.625,21.454545454545453,0.0,6.5,6.5,23.0,0.0,16.666666666666668,0.0,3.0,0.0,31.0,5.0,25.000000000000004,17.969882210706523,237.2188313132012,0.2958636369636664,0.22727272727272665,19.22518835214433,-1.5958922529852853,-434.3239700281791,0.5504591841376333,1.3833310898663285,2.0,50.0,0.0,0.27237292992704903,-0.0029699031331829146,19.266235895474736,0.6312458852885471,12.138952453431337,236.0,147.35416666666666,2.1416706018703304,6.436887750119454,14.529273836686913,22.166197246512596,26.697099459359446,28.879862586486126,29.693311297874732,29.75962582747808,29.42885958247798,7.802608944684132,10.346913670694317,15.767640129021595,22.9253501831597,27.40205329345968,29.583090196104283,30.395164494875672,30.454477151502896,30.112278497106725,2.0996828682231015,7.502929652925529,8.100931958803448,6.1252491391695445,5.850758980610803,6.175548975975661,6.411923466208884,6.494096460482811,6.46837299325813,6.378992080423854,56.293953376749194,65.62509860116306,37.51867701689725,34.231380649197966,38.13740515467404,41.112762536520144,42.17328883805538,41.83984917991115,40.69153996211025,4.0
200010,3975.0,1.5150000000000003,1.0,36136.36363636364,0.048518238993710695,2.0,9.0,0.0,25.0,0.08333333333333333,0.16666666666666666,0.25,0.3333333333333333,0.4166666666666667,0.5,0.5833333333333334,0.6666666666666666,0.75,0.8333333333333334,0.7324524547092748,0.040138888888889,0.06833524258153147,2.3136634087791488,0.2928532235939644,0.0037731481481481197,13.654289928886229,0.0023473936899862913,41.66666666666667,0.0,0.0,0.0,0.0,0.0,2.0,0.0,0.0,0.0,0.0,0.0,20.0,-1.6346296004758334,0.0310571443911893,0.059581455690232044,0.7698417122907026,0.05958145569023202,0.7698417122907026,0.06574238379456172,0.2598530832987539,0.6254238371344556,0.43351817608159937,0.6254238371344556,0.2598530832987539,0.06574238379456168,-65.06635132370575,80.63019702264165,-100.82162405395701,120.90610999946531,-121.30370104109878,57.964975952058325,169.47261899944994,-51.312076424164786,227.7398084208537,44.1314214094458,148.85956722412968,-106.23481905793574,31.0,0.05741285188096373,41.66666666666667,14.083333333333334,10.930555555555555,20.09090909090909,-1.3636363636363635,9.0,9.0,20.0,0.0,16.666666666666668,0.0,4.0,0.0,31.0,4.0,25.000000000000004,18.200274723201296,222.2487149279285,0.25279844841097937,-0.49999999999999994,17.869500666627726,-2.1360477168496828,-462.30322299166386,0.3627018159411565,1.373909919891159,2.0,41.66666666666667,0.0,0.35282872880436206,-0.003667113942877168,19.29001924882172,0.7901323075577811,11.528647892195433,221.0,132.9097222222222,1.8412059422419436,6.731697177088246,15.50950655939181,23.411358883428495,27.993055629835382,30.151865340913062,30.918459402485443,30.933167707497834,30.552345812969275,7.011054023376017,9.862970424663624,16.102216418148476,23.69720354093546,28.372689046124123,30.633457790288922,31.46821097534401,31.52281643094391,31.162828997666054,2.0888451829711685,6.764971485302063,7.208497673841027,4.32857711737618,3.6695682159945977,4.625831840111955,5.41052240110494,5.856378587968931,6.068532880260287,6.138084103571368,45.76483919694999,51.9624387137715,18.73657986107268,13.465730891837774,21.398320212993557,29.27375265285836,34.29717016562097,36.827091318800214,37.67607646251552,4.0
200011,3750.0,1.5399999999999998,1.0,34090.90909090909,0.05422933333333334,2.0,9.0,0.0,25.0,0.08333333333333333,0.16666666666666666,0.25,0.3333333333333333,0.4166666666666667,0.5,0.5833333333333334,0.6666666666666666,0.75,0.8333333333333334,0.796490490941855,0.06320987654321007,0.05585215924370712,2.029725651577503,1.0147050754458162,0.34160493827160465,10.517343999878378,0.05311385459533604,16.666666666666668,0.0,0.0,0.0,0.0,0.0,2.0,0.0,0.0,0.0,0.0,0.0,20.0,-1.5029445425448755,0.028956972423685647,0.05470196789766753,0.42605262877000727,0.05470196789766753,0.42605262877000727,0.17508314791416582,0.008047475807933838,0.6600411953253996,0.12882561325300657,0.6600411953253997,0.008047475807933838,0.17508314791416582,-64.80072731215304,33.29292221135859,218.96389216616396,-27.900916674644144,-90.18120122308099,-11.97923717688066,288.5033362482767,-42.58237266298514,145.45838158457082,-114.45555394371084,-14.808618749547929,236.08138256513624,31.0,0.06034205530208765,41.66666666666667,13.666666666666666,10.444444444444445,18.727272727272727,1.8181818181818181,9.0,9.0,20.0,10.0,0.0,0.0,3.0,0.0,31.0,4.0,33.33333333333333,17.67766952966369,207.27859854265574,0.32165349541888105,0.2237762237762234,17.083315296015254,-2.1974318450528645,-471.96552283317806,0.32149518690678974,1.427103728364932,2.0,41.66666666666667,0.0,0.427414064040081,-0.004071437847763582,19.01525221876668,0.8127820495383103,11.212592127702774,206.0,125.72222222222223,1.1016215794417532,5.937580369836841,14.726854479690457,22.564688750415016,27.102318179212798,29.247324079106452,30.019733256436965,30.050802063001573,29.691390094407918,9.462035137933665,8.549771627262029,15.239202088123863,23.033360858763267,27.65293932123913,29.862004688899184,30.672270174386842,30.7216580649351,30.36780042396138,2.0997716365221955,9.397687952214609,6.1517261179333245,3.918295218165653,4.622827494824083,5.490847149288075,6.027715840312678,6.293152855521105,6.38510529506698,6.373747473131029,88.31653884719962,37.84373423006301,15.353037416699825,21.370534046901508,30.14940241684498,36.333358251556376,39.603772862953434,40.76956962909238,40.62465685124418,3.0
200012,3975.0,1.565,1.0,36136.36363636364,0.04795220125786164,2.0,9.0,5.0,25.0,0.08333333333333333,0.16666666666666666,0.25,0.3333333333333333,0.4166666666666667,0.5,0.5833333333333334,0.6666666666666666,0.75,0.8333333333333334,0.8429809818837098,0.1574228395061726,0.02782980069854303,0.9720996227709193,2.3047050754458165,1.3709336419753086,7.0096101855840365,0.4167506858710561,16.666666666666668,0.0,0.0,0.0,0.0,0.0,1.0,0.0,0.0,0.0,0.0,0.0,20.0,-1.4396894726320042,0.040686859598898686,0.12553715247218095,0.4355718140717132,0.12553715247218095,0.4355718140717132,0.1399306478695188,0.13809090179372976,0.6091620709607308,0.037791656363627614,0.6091620709607308,0.13809090179372976,0.1399306478695188,-64.69569356739866,30.6152564316842,140.2338918663559,-76.97919691573685,-71.93243080163974,-4.317489584603052,293.0637057704315,-30.792322762034086,172.1365812903527,-98.24243177713711,2.2268725671353704,209.92649688387095,31.0,0.0689243910237172,41.66666666666667,14.916666666666666,9.416666666666666,16.454545454545453,-1.3636363636363635,12.5,7.5,20.0,0.0,0.0,0.0,3.0,0.0,31.0,4.0,33.33333333333333,18.200274723201296,182.36095601664127,0.22628691784707572,-0.34615384615384565,14.534030546742533,-2.4138319225185607,-593.1842788120023,0.4219423116670994,1.7249656026538396,2.0,41.66666666666667,0.0,0.6539385892193132,-0.00538249857596098,17.58210975641278,0.743566842132639,10.42799384136544,181.0,108.74305555555554,2.7175389078812855,6.3033130745280594,14.971834070593912,23.428309686119164,28.505029666762145,30.987456672764292,31.94787677358298,32.07353153291961,31.752654278002197,9.949981729318456,8.27497446001579,15.291449696678715,23.73945589550716,28.855646831304608,31.380619442394334,32.37274032730823,32.51803156836178,32.20734629190371,2.0920164037679365,9.571683169533062,5.361291504702691,3.1100833411114293,3.8309361083192845,4.484600065779516,4.951848699418518,5.227569794778995,5.358260173581034,5.392782349425283,91.61711869792246,28.74344659839724,9.672618388658831,14.676071466024505,20.11163774998964,24.520805541932862,27.32748595928571,28.710952087784648,29.082101468272878,2.0
200101,3331.0,1.545,1.0,30281.81818181818,0.0564455118583008,2.0,9.0,5.0,20.0,0.08333333333333333,0.16666666666666666,0.25,0.3333333333333333,0.4166666666666667,0.5,0.5833333333333334,0.6666666666666666,0.75,0.8333333333333334,0.8429809818837098,0.028533950617283952,0.023065735603543323,1.4689891975308635,1.7582716049382716,1.5819521604938271,5.3011163631618885,0.8377932098765433,25.0,0.0,0.0,0.0,0.0,0.0,1.0,0.0,0.0,0.0,0.0,0.0,16.25,-1.1202581632736144,0.14482984103109253,0.16237462548368692,0.3949341777884339,0.16237462548368692,0.39493417778843387,0.2639535030714287,0.12269766135328503,0.5768660021924208,0.16615332767946345,0.5768660021924208,0.12269766135328503,0.2639535030714287,-76.76457289623455,0.5839970028878837,222.60621398590484,68.67695250677858,33.160592649664885,81.50481684455411,267.27781648830285,-175.93573925501227,-152.1744498220711,117.0777604292084,125.4298710737525,67.74136245002609,31.0,0.07687746963144268,50.0,13.75,8.25,14.272727272727273,1.0,12.5,7.5,17.0,1.0,8.333333333333334,0.0,3.0,0.0,31.0,4.0,33.33333333333333,16.660832312142553,158.75517757262074,0.3387828632184761,0.3811188811188814,16.76760660331366,-2.1414961161369455,-492.1222360337211,0.6600395870488146,1.538960146018276,2.0,50.0,0.0,0.4489478678313165,-0.004233802318295831,18.529657341675517,0.6491630165238934,9.408551075130184,157.0,88.52083333333333,1.8175153982003198,5.827050201760312,14.088544774614656,22.125082481949246,26.908261592916677,29.228060703222184,30.11359948146,30.216577121114792,29.902825019096056,9.881155890034481,7.109510277999825,14.776249829795246,22.852958050455605,27.617233207518094,29.92202695056287,30.79367506406119,30.881600045842127,30.55162654405318,2.0905866365337693,9.71256297279291,4.073158766749738,4.455386084976478,5.7217494547407775,6.217477630486919,6.406884138094736,6.435957599393854,6.374299057549668,6.26282207671731,94.33387950046784,16.590622339150247,19.85046516620203,32.73841682282639,38.65702808560524,41.04816435896993,41.421550221195496,40.63168847507858,39.22294036461771,2.0
200102,3406.0,1.525,1.0,30963.636363636364,0.048725778038755135,2.0,9.0,5.0,20.0,0.08333333333333333,0.16666666666666666,0.25,0.3333333333333333,0.4166666666666667,0.5,0.5833333333333334,0.6666666666666666,0.75,0.8333333333333334,0.860528527174435,0.05555555555555548,0.16200113810683425,1.6793244170096024,0.988820301783265,0.9823148148148145,4.747635350233359,1.2918792866941018,25.0,0.0,0.0,0.0,0.0,0.0,1.0,0.0,0.0,0.0,0.0,0.0,14.0,-1.0051940997420306,0.11557977569711833,0.17308624444064852,0.3395866219483575,0.17308624444064857,0.3395866219483575,0.2526794064691585,0.16934117134938026,0.5035552094080282,0.07356000999408252,0.5035552094080283,0.16934117134938026,0.2526794064691585,-70.56599965869728,4.734075915174905,91.65814062505049,-58.45780083100774,32.977920438523434,66.50408919608897,297.02819270942143,-155.9373184094722,-20.13162310557373,143.85883332600844,118.1906787541127,-5.293499014836148,31.0,0.06467533654177761,50.0,14.166666666666666,7.833333333333332,13.0,-1.3636363636363635,12.5,7.5,10.0,0.0,0.0,0.0,3.0,0.0,31.0,4.0,33.33333333333333,16.84735389707634,144.8129557084182,0.30286671570915874,-0.1608391608391605,16.808251599742956,-2.2266589129989036,-498.07715068515506,0.67280799525923,1.5646454442618813,2.0,50.0,0.0,0.4653075860716708,-0.004212899177275049,18.724036482947398,0.6662583505360624,9.118052911059953,143.0,83.1388888888889,2.3794694134325285,6.110798268710553,14.519330820246218,22.716943175099612,27.648304326530404,30.06435960069292,31.00226127633925,31.12852815911629,30.820198450526647,9.114593578725465,7.647093391277569,15.0788659896701,23.261496346782444,28.18650978583168,30.59889725948004,31.5314489133609,31.649644949386712,31.33113711536147,2.0879157137810784,8.798519274053024,4.597410342143191,4.069549368993805,5.0037690864655415,5.481842917700678,5.694453028732346,5.7525704106498265,5.719681815393517,5.635203670829996,77.41394141588255,21.136181854045176,16.56123206667787,25.0377050706682,30.050601774345086,32.42679529643898,33.09206632948391,32.71476006934328,31.75552041173586,2.0
200103,2806.0,1.4500000000000002,1.0,25509.090909090908,0.050213827512473275,5.0,5.0,5.0,5.0,0.08333333333333333,0.16666666666666666,0.25,0.3333333333333333,0.4166666666666667,0.5,0.5833333333333334,0.6666666666666666,0.75,0.8333333333333334,0.8429809818837098,0.12499999999999992,0.29439699164144784,1.7817592592592595,0.6444444444444443,0.8869444444444444,3.9843067120622555,2.067222222222222,16.666666666666668,0.0,0.0,0.0,0.0,0.0,1.0,0.0,0.0,0.0,0.0,0.0,12.0,-0.5176998042136178,0.013982478197302584,0.21051955050256127,0.609864725434182,0.21051955050256133,0.609864725434182,0.007353499489292499,0.06445998917822138,0.3691217435197899,0.4407556383398786,0.36912174351979,0.06445998917822138,0.007353499489292462,-53.87842999222759,64.6447312657515,-34.337012613140764,10.64281136803175,-44.74934930232204,-15.714876549514168,190.75668954955424,159.5158467597423,43.59630135399059,-9.148820538811968,-27.718441826962767,-43.37066071156631,31.0,0.044717366852763146,50.0,12.5,7.416666666666667,11.636363636363637,0.0,10.0,5.0,10.0,0.0,8.333333333333334,0.0,3.0,0.0,31.0,4.0,33.33333333333333,15.29160989998546,129.88699082751017,0.6614328836631086,-0.02097902097902073,17.765811361384948,-1.6325863935080756,-457.198086468587,0.8700072253161303,1.6326172661540381,2.0,50.0,0.0,0.5192721801565285,-0.003720439871287738,19.35578039603477,0.411837194739495,8.80814017448254,128.0,77.58333333333333,1.18130320065149,5.722280972252396,14.211842577201237,21.62504501837066,25.85961016504768,27.83364067100837,28.52234776979881,28.521300792998925,28.159315018240548,7.26123719096938,9.345847131152746,15.21648511757964,22.41628643927735,26.65639860854606,28.633051995744573,29.312248523019303,29.294449557257035,28.912299562766414,2.0924513230801884,7.1645019569853865,7.389205577968054,5.4373660805920325,5.903162345825484,6.468705348789596,6.718639266116391,6.758963764801531,6.6858190177386545,6.555459077031531,51.330088291647435,54.60035907347421,29.56494989437276,34.84732568117183,41.844148889459134,45.14011358820099,45.68359117390009,44.70017593795586,42.9740437106351,2.0
200104,3681.0,1.5749999999999997,1.0,33463.63636363636,0.0576174952458571,2.0,9.0,5.0,20.0,0.08333333333333333,0.16666666666666666,0.25,0.3333333333333333,0.4166666666666667,0.5,0.5833333333333334,0.6666666666666666,0.75,0.8333333333333334,0.90701901811629,0.00964506172839504,0.4153469266991794,1.1040029149519888,1.759807956104253,1.6343595679012344,3.0084099320113835,2.564693072702333,25.0,0.0,0.0,0.0,0.0,0.0,1.0,0.0,0.0,0.0,0.0,0.0,14.0,-1.0544902088128676,0.09852333813202951,0.10937185397854139,0.5163035132601128,0.10937185397854139,0.5163035132601128,0.06914332916875149,0.3874211785310116,0.16633349641835127,0.2048308545001888,0.1663334964183513,0.3874211785310116,0.06914332916875149,-50.87139743290261,36.18791910806038,262.23034481408433,231.76244014011831,-102.70467392350598,-62.46064962106592,261.9579951544331,-23.93954254568646,-268.3172789420076,103.78414942826086,31.40565763173688,146.85294533288965,31.0,0.02023768990892073,50.0,14.583333333333334,8.25,13.909090909090908,2.272727272727273,12.5,7.5,10.0,1.0,16.666666666666668,0.0,4.0,0.0,31.0,4.0,25.000000000000004,17.514279888136993,153.90698283390378,0.3690524892641456,0.3111888111888117,19.60167593645305,-1.8528235230126462,-430.873212220696,0.7165880539125784,1.4067910229671676,1.0,50.0,0.0,0.3475131378669712,-0.0027762809469670012,20.644448728962335,0.5647066700491659,9.699298370959049,153.0,94.07638888888887,1.1728722641608398,5.950690480825845,15.061266478170888,23.341489246498682,28.182022962586093,30.495970668239405,31.351836588797948,31.416543516852542,31.062393477038977,8.99802668767487,8.5770836715647,15.675325938453414,23.71511029151796,28.600886164434282,30.988227809944036,31.89878455779892,31.9971952354883,31.661075454373982,2.092075560698718,8.921258595292,6.177025749535978,4.344432684514321,4.193010361834016,4.8769120483353365,5.501457607113829,5.881734333866284,6.068055404465705,6.127920561264571,79.5888549240714,38.15564711043051,18.87409535027631,17.581335894447424,23.784271127198366,30.266035802870615,34.594798774181456,36.82129639166545,37.5514104051691,2.0
200105,4056.0,1.6750000000000003,1.0,36872.72727272727,0.05412475345167653,2.0,9.0,5.0,20.0,0.08333333333333333,0.16666666666666666,0.25,0.3333333333333333,0.4166666666666667,0.5,0.5833333333333334,0.6666666666666666,0.75,0.8333333333333334,0.90701901811629,0.06722222222222228,0.543247044651946,0.8386042524005488,3.1868861454046646,3.0128703703703703,1.6285705136470936,1.7353155006858714,0.0,0.0,0.0,0.0,0.0,0.0,1.0,0.0,0.0,0.0,0.0,0.0,11.75,-0.9931881006826067,0.14144053758892366,0.23944180443435803,0.5093250862955134,0.23944180443435803,0.5093250862955134,0.1416167734729894,0.23558759937671805,0.2156661156287763,0.2896135930989929,0.2156661156287763,0.23558759937671805,0.1416167734729894,-58.38057210925293,27.704461118260006,169.64127605565392,128.08985989542032,-104.96000722355345,-14.006767768182131,266.0736449828727,-58.49819981572304,-198.02945264217948,177.67723510185482,57.27154788513403,211.68257716690061,31.0,0.013338995370495637,50.0,15.833333333333334,7.833333333333333,13.0,-0.45454545454545453,15.5,6.5,10.0,-5.0,8.333333333333334,0.0,4.0,0.0,31.0,4.0,41.66666666666667,18.384776310850235,143.93187406052388,0.11521850927322666,0.08391608391608447,16.93323508971916,-1.8854621492466177,-583.5242976055654,0.8548537482468392,1.7372371156608521,0.0,50.0,0.0,0.5930673657213001,-0.004148621953858715,19.24883810364529,0.4021272766534456,9.343744193606518,143.0,87.30555555555554,2.9479596994490618,6.813439117890586,15.709912699596856,24.45098528609235,29.708956705115327,32.27973746806921,33.27201546397251,33.39825256746366,33.0612717780337,11.13780714616114,9.773410246985849,16.428319957029625,24.752454280700405,29.983954162099177,32.61367032974695,33.66525472135691,33.83487715134308,33.52608851738634,2.093589004664986,10.7405903764878,7.0068962631600575,4.805032734704661,3.8514038294444264,4.051592117729459,4.655109168424038,5.130532371890677,5.418084281956569,5.563355075367438,115.36028163550236,49.096595242686384,23.08833958158336,14.83331145745919,16.415398688447482,21.670041369945533,26.32236241901818,29.35563728638483,30.95091969461663,2.0
200106,3656.0,1.6849999999999998,1.0,33236.36363636364,0.0574316192560175,2.0,9.0,5.0,20.0,0.08333333333333333,0.16666666666666666,0.25,0.3333333333333333,0.4166666666666667,0.5,0.5833333333333334,0.6666666666666666,0.75,0.8333333333333334,0.860528527174435,0.008888888888888889,0.7437746140935548,1.1693827160493828,2.7358024691358027,3.057777777777778,0.7574599538076794,0.9491358024691359,25.0,0.0,0.0,0.0,0.0,0.0,1.0,0.0,0.0,0.0,0.0,0.0,10.5,-0.6144325204390682,0.1418816200776192,0.28438065865630857,0.2937773908587347,0.28438065865630857,0.29377739085873467,0.2543254681449153,0.3173511418257568,0.012789977921848938,0.41162583004519965,0.012789977921848938,0.3173511418257568,0.2543254681449153,-55.09902276652233,-65.8697334810985,-43.610286894145794,-8.706340024964636,67.4862242111866,47.069175510552206,131.7543476263814,-2.2585716189912324,-196.5652099333796,353.9901602415391,162.2949596458965,154.83367056625235,31.0,0.016873308286819905,50.0,15.0,7.0,11.909090909090908,0.6363636363636364,15.0,5.0,10.0,-5.0,8.333333333333334,0.0,3.0,0.0,31.0,4.0,25.000000000000004,17.45470328211473,132.00150720819028,0.32275109214294795,0.4685314685314685,16.69613015060448,-1.996504636271487,-552.7451097888505,0.9005721365894189,1.7553230302605263,1.0,50.0,0.0,0.5604564131953897,-0.004270561636831981,18.762475694484905,0.48424112405318687,8.925618559330589,131.0,79.66666666666667,2.4788299521577093,6.973959735819726,15.45985028707999,23.82475768134431,28.83782358210189,31.273203609976687,32.1987338265336,32.29811743924057,31.95700677853605,11.414919288124988,9.854394329445052,16.40867072644885,24.410867749517465,29.398716682593722,31.870074544860277,32.82822374117456,32.94708156324234,32.61420867406763,2.101333327377729,11.142521457134094,6.962253457276893,5.498863892668391,5.317084324106324,5.71528421261641,6.139086859125934,6.397953889225723,6.5070572009140975,6.514316939804933,124.15578442269369,48.472973203364056,30.237504110092164,28.27138570965721,32.66447363098238,37.688387463892724,40.93381396865855,42.341793415968006,42.43632519222951,2.0
200107,4492.0,1.715,1.0,40836.36363636364,0.06078584149599288,2.0,9.0,5.0,20.0,0.08333333333333333,0.16666666666666666,0.25,0.3333333333333333,0.4166666666666667,0.5,0.5833333333333334,0.6666666666666666,0.75,0.8333333333333334,0.81403803623258,0.17339506172839458,1.1094125874007428,1.7923902606310018,1.6835116598079563,2.8715123456790126,0.5373843947666097,0.023875171467764005,8.333333333333334,0.0,0.0,0.0,0.0,0.0,1.0,0.0,0.0,0.0,0.0,0.0,12.5,-0.9370670706835265,0.05819586754225096,0.37045383719511993,0.19437947312665127,0.37045383719511993,0.19437947312665121,0.3521565645332766,0.3602952788347229,0.15939701533858014,0.11090435194271506,0.15939701533858014,0.3602952788347229,0.3521565645332766,-72.1146594848408,-22.13741031700223,192.43666185341786,74.42461218703674,122.32208394425489,83.33130618547153,42.836436254057766,-182.10048513222497,-253.4227972661912,347.1200677265056,157.61380069185145,99.59919381976026,31.0,0.018289861629359944,50.0,16.833333333333332,7.805555555555556,11.181818181818182,-0.09090909090909091,15.5,5.5,10.0,-5.0,0.0,0.0,4.0,0.0,31.0,3.0,33.333333333333336,19.347695814575268,124.01307472012049,0.037829384804438516,0.7272727272727276,12.582250214474639,-2.2691639646568147,-766.6850900727438,0.765021663262287,2.5196927922488257,1.0,50.0,0.0,0.9051094497893183,-0.006386271318270183,15.796304699672316,0.3502920671041245,9.537935951882996,123.0,90.97222222222221,2.6456411783355334,7.060344297148451,16.637463708229497,25.858139807080416,31.366246843220647,34.04480324713992,35.06827516028491,35.186078570411745,34.82064823033142,10.219770800403376,11.164244598164181,18.160041528760633,26.56891521670319,31.967446632341424,34.675704504470566,35.740675958446424,35.88780600142632,35.53847936166396,2.096947216547907,9.871387844081138,8.648230793252537,7.278867335214823,6.10441328137647,6.170591799961169,6.584516287844636,6.90014458176164,7.062187652053881,7.106755388989587,97.44429796827285,74.79189585336142,52.98190968365734,37.263861509845434,38.07620316174802,43.3558547448913,47.611995249214516,49.87449443282231,50.50597215893253,2.0
200108,3931.0,1.81,1.0,35736.36363636364,0.0716713304502671,2.0,9.0,5.0,20.0,0.08333333333333333,0.16666666666666666,0.25,0.3333333333333333,0.4166666666666667,0.5,0.5833333333333334,0.6666666666666666,0.75,0.8333333333333334,0.75,0.2648302469135805,1.5065072034359728,0.6237045610425241,1.512606310013718,1.9805632716049386,1.3590809309947536,0.04119513031550065,33.333333333333336,0.0,0.0,0.0,0.0,0.0,1.0,0.0,0.0,0.0,0.0,0.0,10.0,-0.575791009777372,0.09988817963549913,0.8125347363915507,0.15754347380050032,0.8125347363915507,0.1575434738005003,0.6141636115577052,0.09456773284308503,0.07003607088211683,0.31013943989325676,0.07003607088211675,0.09456773284308503,0.6141636115577052,-25.689701411632832,-95.98430497454648,-43.814839791614055,-93.1827477266466,109.26451422117827,-145.96812803457232,222.45239308937704,82.72502858405983,157.75538904248936,86.1831532124474,135.51183023502654,-65.33980991040497,30.0,0.036299976471249926,41.66666666666667,15.916666666666666,6.749999999999999,9.272727272727273,1.8181818181818181,15.5,5.0,10.0,-5.0,0.0,0.0,3.0,0.0,30.0,4.0,33.333333333333336,18.09926333675858,103.04682550269975,0.00543684532404877,1.4930069930069927,11.590231236026629,-2.450494785512325,-744.201806939806,0.7507466793839322,2.5253123014808807,1.0,41.66666666666667,0.0,0.9227669298433522,-0.006896452507186303,14.850874886945,0.35727443865220776,8.616441002847727,102.0,74.24305555555556,1.9738791272937573,7.083397410266929,16.934053175611222,25.846140819369875,31.039338030264435,33.505597427459804,34.400132886372575,34.443365381740044,34.03715358135886,9.508101127724164,12.660769957692866,19.387310310416787,27.465767370818767,32.51174979501879,34.94179094609583,35.81075383326504,35.824258724148535,35.38432075917426,2.1048439744120526,9.300956308136467,10.49383519261866,9.439578598537352,9.292221586533296,9.673332899103798,9.914822013009797,9.951931847968796,9.850487009010454,9.6706944769815,86.50778824586354,110.12057704984191,89.1056441179644,86.34538201323538,93.57336937688387,98.30369554966364,99.04094750661562,97.03209431468372,93.5223316671205,1.0
200109,4031.0,1.9100000000000001,1.0,36645.454545454544,0.06287025551972215,10.0,10.0,10.0,10.0,0.08333333333333333,0.16666666666666666,0.25,0.3333333333333333,0.4166666666666667,0.5,0.5833333333333334,0.6666666666666666,0.75,0.8333333333333334,0.6859619637674199,0.0574228395061728,1.397531653361228,0.7534027777777778,1.1512345679012346,3.1438966049382717,0.514613408367167,0.02347222222222225,8.333333333333334,0.0,0.0,0.0,0.0,0.0,0.0,0.0,0.0,0.0,0.0,0.0,10.0,-0.626064836934527,0.040697761328534796,0.7330096628946118,0.0743725922960535,0.7330096628946118,0.0743725922960535,0.6907045258884017,0.0132079829873889,0.30905028866196554,0.02587138215724469,0.3090502886619655,0.0132079829873889,0.6907045258884017,-11.35348104018547,-95.41277966915337,-129.4179610483589,-56.93622634645077,142.0773025037118,-123.66735713933318,127.2774964229345,78.77803595798082,139.29334470028073,141.85948093801414,49.59565963370482,-109.798073981612,30.0,0.06564777896941808,41.66666666666667,16.75,6.041666666666667,9.272727272727273,0.0,15.5,5.0,10.0,-5.0,0.0,5.0,3.0,0.0,25.0,4.0,33.333333333333336,18.328029535841182,103.04682550269975,0.4450333552575285,0.541958041958042,10.308318407554228,-3.0794245989403333,-770.6878813188764,0.8586867319848941,2.5189278144858864,1.0,41.66666666666667,0.0,1.0189216487840889,-0.0075557219618292495,14.360139638967832,0.3424829210314373,7.440038082339812,102.0,55.354166666666664,2.417712420930687,8.140487407054701,18.395363937104147,27.76581696538393,33.21843543205337,35.793409473828454,36.71186464802673,36.734813624965454,36.28626136312774,8.649239120887172,12.148490521519046,20.05828484894067,28.807130465660137,34.19246656427818,36.7826230953129,37.71402679885077,37.73758174043248,37.27988727327627,2.093153323611559,8.304456876880185,9.01766525920218,7.996585315166151,7.675296340230962,8.103105404459619,8.473086805332109,8.636365638936258,8.641674811914363,8.549691888891058,68.96400401996259,81.31828672702193,63.94537670273092,58.91017391036279,65.6603171957827,71.79320001069308,74.58681144939888,74.67854355487516,73.09723139496954,0.0
200110,4556.0,1.9349999999999998,1.0,41418.181818181816,0.0620873573309921,2.0,9.0,10.0,20.0,0.08333333333333333,0.16666666666666666,0.25,0.3333333333333333,0.4166666666666667,0.5,0.5833333333333334,0.6666666666666666,0.75,0.8333333333333334,0.75,0.008888888888888868,1.2884810170745489,0.8581481481481482,0.7017283950617282,4.2803703703703695,0.2090498471229818,0.22222222222222235,8.333333333333334,0.0,0.0,0.0,0.0,0.0,0.0,0.0,0.0,0.0,0.0,0.0,7.5,-0.8257018896339057,0.06252353123735478,0.4642857390742994,0.29742520893329244,0.4642857390742994,0.2974252089332925,0.4982420156029293,0.09856585579100505,0.06167714728164878,0.48638019787621734,0.06167714728164875,0.09856585579100505,0.4982420156029293,-45.034917921367544,-89.44895783383258,118.6089610433496,42.4893176908281,100.57788353986041,-34.22327177029807,157.79504242341736,178.44413009682398,134.70828547358838,69.16005013698351,-111.67356436037946,-87.08749749768299,30.0,0.07409517258400093,41.66666666666667,18.0,6.166666666666667,9.727272727272727,0.45454545454545453,18.0,5.0,10.0,-5.0,0.0,5.0,4.0,0.0,25.0,3.0,33.333333333333336,19.485036994233976,108.03024625995175,0.10834769814464192,0.552447552447553,10.532099002042774,-3.4282178504409457,-789.7505559259757,0.7173379396919012,2.927720761845837,1.0,41.66666666666667,0.0,1.1604110321055123,-0.007440634798949428,15.453980700092806,0.45190413940103635,7.461009761866464,107.0,55.666666666666664,2.1688608177211384,7.657476829142255,18.415831214432657,28.726100246816955,34.89443413838175,37.901648791403126,39.05755585644281,39.19930781839499,38.79927128315016,8.35459076358809,10.05695280598402,19.878017798325835,29.89248481972634,35.94111846278586,38.88686730932668,40.000178011349064,40.10628401361454,39.67405354852165,2.077665831781808,8.068161474610275,6.5196125922434485,7.4828304986874175,8.268725010991293,8.610601751221829,8.697900207884096,8.632587761526821,8.481054412007365,8.285352911462669,65.09522958038544,42.50534835293934,55.992752272086584,68.37181330739297,74.14246251814443,75.65346802631021,74.52157146046267,71.92828393942959,68.64707286748292,0.0
200111,4256.0,1.935,1.0,38690.90909090909,0.05928336466165414,2.0,9.0,10.0,20.0,0.08333333333333333,0.16666666666666666,0.25,0.3333333333333333,0.4166666666666667,0.5,0.5833333333333334,0.6666666666666666,0.75,0.8333333333333334,0.75,0.017839506172839373,1.455973562403754,0.5345301783264743,0.5826063100137174,4.645586419753086,0.3909880288170964,0.572846364883402,8.333333333333334,0.0,0.0,0.0,0.0,0.0,0.0,0.0,0.0,0.0,0.0,0.0,11.25,-0.960736329777157,0.11051373751372054,0.5023185996455016,0.2914487063219797,0.5023185996455016,0.2914487063219798,0.6156662159867434,0.3706367592278452,0.076891082029269,0.6340703910624852,0.07689108202926911,0.3706367592278452,0.6156662159867433,-44.074314344667485,-50.995564548659736,-165.08036836430725,29.986611399615434,196.6064906014977,81.65428859314332,59.18440010678449,180.46240658610878,-102.69044388352737,-4.706547786687994,-170.50346142091337,106.00423076969778,30.0,0.07012686982193882,50.0,17.166666666666668,6.527777777777779,10.636363636363637,-0.45454545454545453,15.5,5.5,10.0,-5.0,0.0,5.0,3.0,0.0,25.0,4.0,41.66666666666667,18.83259585576738,117.9645231247319,0.32765797325749835,0.33566433566433584,12.164227317592175,-3.0300718355080285,-718.8753192518634,0.6738934445498694,2.505878943152354,1.0,50.0,0.0,1.0234982164083564,-0.006601254522381165,17.041365329227016,0.40995144893080193,7.744173436992628,117.0,59.97222222222221,2.451882795823447,7.176019493918655,18.038181844191726,28.314590086953796,34.388231664662456,37.32161436426143,38.43302639608192,38.55212428514002,38.14363334744077,8.748834931620767,8.530523417609626,19.812786943650565,29.8633323023172,35.720533473057074,38.506688470483354,39.51453380655007,39.555921482742626,39.08597095338478,2.0712244103192305,8.39823692308646,4.61243688317636,8.195762455706141,9.492239167151219,9.664679745200935,9.479565296373561,9.181550195204425,8.8546393180082,8.530906190132667,70.53038341629274,21.27457400128566,67.17052223036235,90.10260440639968,93.4060345772972,89.86215820820996,84.30086398705842,78.40463745201673,72.77636042484384,0.0
200112,4131.0,1.8800000000000001,1.0,37554.545454545456,0.053982086661825225,2.0,9.0,10.0,20.0,0.08333333333333333,0.16666666666666666,0.25,0.3333333333333333,0.4166666666666667,0.5,0.5833333333333334,0.6666666666666666,0.75,0.8333333333333334,0.7210570543488702,0.01680555555555553,1.9681416979414643,0.15297067901234554,0.20358024691358012,5.543217592592593,0.2320280551449557,0.4618672839506171,8.333333333333334,0.0,0.0,0.0,0.0,0.0,0.0,0.0,0.0,0.0,0.0,0.0,11.25,-1.0713249053074991,0.10892720092386043,0.33525098284902566,0.4831670627154868,0.3352509828490256,0.4831670627154868,0.8241143228319532,0.2552303262765141,0.020589741855687144,0.642035883035183,0.020589741855687144,0.2552303262765141,0.8241143228319532,-58.07596814851451,23.906471437164882,32.62450354355821,-147.70093708958973,345.968074051143,68.46183831879337,-72.76733432937314,57.68100669943011,-356.02669022697205,-68.01381132373584,-14.669042324369544,130.1564519952435,30.0,0.06172467032448668,50.0,16.75,6.875,10.545454545454545,-0.5454545454545454,15.5,5.5,10.0,-5.0,0.0,5.0,3.0,0.0,25.0,3.0,41.66666666666667,18.553975315279473,117.55030956235879,0.3975001060607918,-0.038461538461538325,11.29888162085949,-3.1603187480738315,-723.2476760147024,0.5975993082106429,2.717135070531379,1.0,50.0,0.0,1.113420294335074,-0.007046289452129403,16.403824138398697,0.40642948499601095,7.980444849756184,116.0,63.6875,1.9220280510987449,6.776026505807848,17.89540376078215,28.195149389030046,34.22095101917001,37.10959627349116,38.19087212277334,38.292000461376496,37.87389101364237,7.42690715166012,8.51312144716577,19.93305439030972,29.862340219460982,35.60725031411398,38.31231259535462,39.26780209255658,39.27720492520595,38.78863357174671,2.066973728795056,7.173894201211069,5.153513516697447,8.779588917804167,9.838339001737832,9.83884069774165,9.524240695334152,9.133321831741435,8.74194071145332,8.374155112605385,51.464758010169795,26.558701566783284,77.08118156562976,96.79291431311576,96.8027862755374,90.71116082265917,83.41756768216473,76.421527402565,70.1264738499749,0.0
200201,3875.0,1.8,1.0,35227.27272727273,0.04754838709677419,2.0,9.0,5.0,20.0,0.08333333333333333,0.16666666666666666,0.25,0.3333333333333333,0.4166666666666667,0.5,0.5833333333333334,0.6666666666666666,0.75,0.8333333333333334,0.7210570543488702,0.13927469135802473,3.5376960908916106,0.4349494170096025,0.4149519890260634,3.169174382716048,1.1457315497119571,1.1389317558299048,8.333333333333334,0.0,0.0,0.0,0.0,0.0,1.0,0.0,0.0,0.0,0.0,0.0,11.25,-1.0333705269183386,0.1116946728895587,0.4077496202281355,0.6765225860958336,0.40774962022813543,0.6765225860958336,0.48323910311251517,0.16872880809930582,0.04594806844228001,0.4894156003547956,0.045948068442280054,0.16872880809930582,0.48323910311251506,-38.47286267240569,49.39517050701815,-69.93762361064186,216.1121709962183,189.54651826718072,-73.22990894456785,-48.98340846626472,109.97320128199374,-9.632064326083244,62.27888880590656,-369.7406202376749,-43.909659888220624,30.0,0.0379204097718386,50.0,15.416666666666666,7.986111111111112,10.909090909090908,-0.9090909090909091,12.5,7.5,10.0,-5.0,8.333333333333334,0.0,3.0,0.0,30.0,3.0,41.66666666666667,17.969882210706523,121.51742265318147,0.195407407086817,-0.7167832167832164,14.194133373069262,-1.9264963826200276,-672.6888741904281,0.802768000758639,2.2368021502482294,1.0,50.0,0.0,0.8833840170003691,-0.005557302836707232,17.827165902310725,0.17869575870328136,9.23271658590014,120.0,85.24305555555556,1.3371220105821966,6.5242808869041236,17.173282577903255,26.914046882491466,32.62978521616555,35.37746638356438,36.409172552586,36.50812607180625,36.112073535768616,6.765492464129277,10.282964245390874,20.447839874344858,29.25352239483434,34.379867021686465,36.77810350621039,37.590037361845155,37.5409884817046,37.03918318144387,2.07748307677361,6.632042898761034,7.948151519741219,11.099212630918105,11.463099620614217,10.829236961843066,10.05304778628341,9.347890826327214,8.745430058526443,8.235243511626974,43.98399301100665,63.173112580764645,123.19252102633202,131.40265291212583,117.27237317574804,101.06376979329775,87.38306290093247,76.48254690857782,67.81923569579418,1.0
200202,4675.0,1.875,1.0,42500.0,0.05251336898395722,2.0,9.0,5.0,25.0,0.08333333333333333,0.16666666666666666,0.25,0.3333333333333333,0.4166666666666667,0.5,0.5833333333333334,0.6666666666666666,0.75,0.8333333333333334,0.7324524547092748,0.031250000000000194,2.764505992549223,0.9377786351165981,1.646433470507545,1.4971064814814818,2.2507117715111327,1.3128000685871062,8.333333333333334,0.0,0.0,0.0,0.0,0.0,1.0,0.0,0.0,0.0,0.0,0.0,16.25,-1.241175004495707,0.03516651911479818,0.198351322662156,0.5931332624695799,0.19835132266215597,0.5931332624695799,0.2569865587671099,0.27844709908235116,0.12116530049839991,0.10907987264037518,0.12116530049839988,0.27844709908235116,0.2569865587671099,-35.837573169970995,-18.25504643990435,220.0201393873532,139.58398993490266,34.5926695256819,-4.657985155707036,-92.30121873814322,-0.46063320982016354,13.54248901589274,-95.21595044900278,-48.58419472103608,355.86977349030263,30.0,0.02207077590959291,50.0,17.083333333333332,8.75,13.181818181818182,2.272727272727273,17.5,7.5,10.0,-5.0,8.333333333333334,0.0,3.0,0.0,30.0,3.0,41.666666666666664,19.737865470545017,146.43506517919593,-0.07021667270683837,-0.4020979020979013,16.749919487361307,-2.0310141548554133,-616.5546265712765,0.7836692047129107,1.661415215211759,1.0,50.0,0.0,0.6018557783077633,-0.004242898549357042,19.687938982474254,0.3408469470994886,9.886508764753893,145.0,97.74305555555554,1.0369217537848183,6.516482956393478,17.635582401268874,27.93358208184178,33.99813305814059,36.92741456427859,38.04141745696618,38.167314955222395,37.76780112565915,9.481599485125832,10.25855722515696,19.9765257110633,29.38641728736557,35.08361832606895,37.8483268239173,38.874168525236136,38.94366332461885,38.50278792127153,2.084478361748225,9.424729283797294,7.922969533000454,9.383379607200624,9.125596586754519,8.65951634967273,8.29830687357146,8.003220376404,7.73724642557808,7.487180767356461,88.82552207286626,62.77344622085342,88.04781285282854,83.27651306418572,74.98722341024933,68.86189696796336,64.05153639328819,59.86498225012078,56.05787584307249,2.0
200203,4875.0,1.9250000000000003,1.0,44318.181818181816,0.0458974358974359,2.0,9.0,10.0,25.0,0.08333333333333333,0.16666666666666666,0.25,0.3333333333333333,0.4166666666666667,0.5,0.5833333333333334,0.6666666666666666,0.75,0.8333333333333334,0.6859619637674199,0.13927469135802495,1.863386389961603,0.6870070301783264,2.324417009602195,1.3451003086419753,2.9105762300658324,1.0566272290809324,8.333333333333334,0.0,0.0,0.0,0.0,0.0,1.0,0.0,0.0,0.0,0.0,0.0,16.25,-0.9186870802759235,0.08647371407968252,0.36803746863455294,0.46055690481820794,0.36803746863455294,0.4605569048182079,0.18666993744691332,0.3200304102294178,0.10175337230929211,0.17978659663515054,0.10175337230929211,0.3200304102294178,0.18666993744691332,-46.903272016632165,4.198646282442433,49.00488991769556,10.325195130408353,76.21653715511164,30.15767027316528,-80.2514880663578,13.994969064252036,-19.09259778481663,-120.16270984532954,57.670545894627175,400.3665384232891,30.0,0.02189962775459204,50.0,17.916666666666668,7.916666666666667,12.272727272727273,-1.3636363636363635,17.5,7.5,10.0,-10.0,0.0,0.0,3.0,0.0,30.0,3.0,41.666666666666664,20.155644370746373,136.44836955117526,-0.17187763464362574,-1.0314685314685315,14.970048257146578,-2.199376650255925,-711.1655588463391,0.8758771076623275,2.007778411815606,0.0,50.0,0.0,0.7880447291610095,-0.005158260896324612,18.647339345046106,0.30049153862116695,9.23271658590014,135.0,85.24305555555556,3.288711050777332,7.607724267283628,18.36073936849971,28.593409911477938,34.635146138533514,37.54402507803183,38.63639523891584,38.74039595777766,38.31966172129669,11.163274821260062,11.488311134730273,20.2698072225605,29.607053613353646,35.40153693050833,38.253643906373554,39.336247142975665,39.438481348284654,39.014409221990405,2.0951635419848356,10.667852846729463,8.608357810950434,8.587685059536753,7.680789887647742,7.326354414343639,7.333992981708351,7.387103778582165,7.387525437763382,7.329914904439165,113.80308435947391,74.10382420135136,73.74833468179077,58.994533298191804,53.67546900457253,53.787453055747356,54.56930223554289,54.575532093601055,53.72765250631941,2.0
200204,4200.0,1.8250000000000002,1.0,38181.818181818184,0.04970238095238095,2.0,9.0,10.0,20.0,0.08333333333333333,0.16666666666666666,0.25,0.3333333333333333,0.4166666666666667,0.5,0.5833333333333334,0.6666666666666666,0.75,0.8333333333333334,0.6859619637674199,0.006172839506172901,1.5592840332253963,0.7822359396433468,2.820301783264746,1.1141975308641976,2.675969739065413,1.152949245541838,8.333333333333334,0.0,0.0,0.0,0.0,0.0,1.0,0.0,0.0,0.0,0.0,0.0,11.25,-0.581360946745562,0.18652973926438698,0.35894424612997505,0.40288800365535976,0.35894424612997505,0.40288800365535976,0.20964464165060165,0.29706593033432693,0.1932325204496656,0.010812480918102125,0.1932325204496656,0.29706593033432693,0.20964464165060165,-41.83335454470486,22.20118910117304,-72.25624568563232,46.013608082329384,5.779293167991352,90.57790900864526,-128.61948769384475,-129.2573826608056,138.40402609078754,56.26375236754141,345.72496504836624,3.0064807390458475,30.0,0.03383875465905121,50.0,16.666666666666668,6.9444444444444455,11.363636363636363,-0.45454545454545453,15.0,5.0,10.0,-5.0,0.0,0.0,3.0,0.0,30.0,3.0,41.666666666666664,18.708286933869708,127.39849393005436,-0.018857320686364278,-0.5944055944055939,14.426467639836801,-2.3438102390647564,-670.64645010253,0.8691236224178426,2.0409818184501716,2.0,50.0,0.0,0.7914744315324231,-0.0054378166423696426,18.073558257905027,0.34996257414997123,8.498365855987975,125.0,72.22222222222223,2.5640299265216977,7.735848308826188,17.442428399141576,26.771610012752618,32.34351310187369,35.04490439097235,36.06616557064983,36.16835372966348,35.78073940537761,9.385119425059333,13.176864497335739,19.483861540971212,27.539668405722455,32.873251810387735,35.56158718647604,36.607080332117626,36.73117818855361,36.35688548007592,2.1009284657910205,9.0280793726311,10.667071243972174,8.682312600255566,6.458655682278763,5.8777414725458526,6.039963530431558,6.269771245634546,6.405438283616098,6.446844919479041,81.50621715852715,113.78640892397807,75.38255208855655,41.71423322223175,34.54784481808549,36.48115944894325,39.31003147258576,41.02963960521474,41.561809415812725,2.0
200205,4200.0,1.8249999999999997,1.0,38181.818181818184,0.05113095238095238,2.0,9.0,10.0,20.0,0.08333333333333333,0.16666666666666666,0.25,0.3333333333333333,0.4166666666666667,0.5,0.5833333333333334,0.6666666666666666,0.75,0.8333333333333334,0.6859619637674199,0.006172839506172892,1.543329576266328,0.5528120713305897,2.404663923182442,1.123456790123457,2.360648475859872,1.2681755829903973,8.333333333333334,0.0,0.0,0.0,0.0,0.0,1.0,0.0,0.0,0.0,0.0,0.0,11.25,-0.581360946745562,0.12620301384126978,0.23611404211709358,0.4063780984847856,0.23611404211709355,0.4063780984847856,0.2943768125312697,0.2876708654097744,0.2642649690520452,0.11156445453538652,0.2642649690520452,0.2876708654097744,0.2943768125312697,-35.22500275754177,-1.4028432935184063,-35.376407485131345,170.02271867196765,-28.68710951951642,103.13664959675792,-209.24163641537697,-121.4446084318692,316.0768734546831,116.16769431160314,28.693521720165986,116.79694561928933,30.0,0.040769230769230766,50.0,16.666666666666668,6.9444444444444455,11.363636363636363,0.45454545454545453,15.0,5.0,10.0,0.0,0.0,0.0,2.0,0.0,30.0,3.0,41.666666666666664,18.708286933869708,127.39849393005436,-0.01885732068636433,-0.31468531468531413,14.426467639836801,-2.3438102390647564,-670.6464501025298,0.8691236224178426,2.0409818184501716,2.0,50.0,0.0,0.7914744315324231,-0.0054378166423696426,18.073558257905027,0.34996257414997134,8.498365855987975,125.0,72.22222222222223,2.360412509329318,8.074255345513738,17.67026501093257,26.667195775866464,31.98185537304963,34.52404196889898,35.45383711946305,35.50620548978044,35.093787886844744,10.186716672626797,14.154528837945874,19.64336905943199,27.09815546531636,32.232354245451695,34.85055968440391,35.87492130572122,35.99938611147612,35.63549408041841,2.1115742243563442,9.909472708180513,11.625708031758075,8.580424374613532,4.813595233717147,4.010684118903477,4.759415557177307,5.480457298280351,5.9384486291139575,6.189869958947857,98.19764935417442,135.15708723968422,73.62368244846202,23.170699074064434,16.085587101624554,22.65203644590137,30.03541219827436,35.26517212062544,38.31449010868514,2.0
200206,4600.0,1.825,1.0,41818.181818181816,0.05298913043478261,2.0,9.0,10.0,25.0,0.08333333333333333,0.16666666666666666,0.25,0.3333333333333333,0.4166666666666667,0.5,0.5833333333333334,0.6666666666666666,0.75,0.8333333333333334,0.703509509058145,0.22222222222222213,1.4069522851186542,0.3387345679012344,2.558641975308642,0.9189814814814812,0.8723687025356668,2.4691358024691357,8.333333333333334,0.0,0.0,0.0,0.0,0.0,1.0,0.0,0.0,0.0,0.0,0.0,15.0,-0.7757487216946672,0.18874103699509562,0.26262727124654495,0.47618878593363745,0.26262727124654495,0.47618878593363745,0.31945836308006814,0.3918605454261757,0.11983562725343613,0.020180108504763407,0.11983562725343613,0.3918605454261757,0.3194583630800681,-48.52799189030704,-10.213766771303309,159.32801542627666,235.53969202446154,-6.37349330284166,19.412633326533193,-174.33099585906098,-30.500719646519478,329.0867072468581,-15.227276423612658,31.530006200605595,111.44358992022048,30.0,0.04049479890412484,50.0,17.5,7.5,10.454545454545455,-0.45454545454545453,17.5,7.5,10.0,0.0,0.0,0.0,2.0,0.0,30.0,2.0,50.0,19.578900207451216,117.46421706527423,-0.23087626923709437,-0.06993006993006934,13.84603221496767,-2.4297544383057383,-717.6436570343141,0.8599220977349632,2.280472885348068,1.0,50.0,0.0,0.9213749676311755,-0.005736326289445197,18.181257377408613,0.33636262421821517,8.779711460710615,115.0,77.08333333333333,3.0887569892049807,8.108081263356317,18.01896686203445,27.26717753452483,32.71440631260308,35.317195950684706,36.26858723551654,36.32195142252739,35.89979352322229,10.702442300291644,14.081823319934275,20.086617958687313,27.630127350090973,32.85388671869924,35.543425181428155,36.611443558993614,36.75772289824494,36.40101885898887,2.110502853363135,10.247041107203058,11.513329937105725,8.876319859218912,4.4637390921681055,3.024151474221824,4.003841131803377,4.998737781990718,5.643229352393971,6.019883633631921,105.00185145270927,132.55676624065492,78.78905424316405,19.92496668294974,9.145492139038032,16.03074380872054,24.98737941310148,31.846037523720877,36.238998962469466,2.0
200207,4100.0,1.8,1.0,37272.72727272727,0.06115853658536585,20.0,20.0,20.0,20.0,0.08333333333333333,0.16666666666666666,0.25,0.3333333333333333,0.4166666666666667,0.5,0.5833333333333334,0.6666666666666666,0.75,0.8333333333333334,0.6859619637674199,0.006172839506172892,1.6201574872623175,0.24005486968449927,3.211248285322359,0.5308641975308642,0.9834090422301379,2.074759945130315,8.333333333333334,0.0,0.0,0.0,0.0,0.0,1.0,0.0,0.0,0.0,0.0,0.0,11.25,-0.45368620037807217,0.17572674123608334,0.4580958310712605,0.37078448459632624,0.4580958310712605,0.37078448459632624,0.12721939352170278,0.49929885709986427,0.04259423119592907,0.09813979709649957,0.04259423119592905,0.49929885709986427,0.12721939352170275,-40.07113826496963,-40.88669587236262,123.70178887174727,-13.024009291747511,-86.70664798238207,146.42336338626066,-169.71532329460157,259.6473618472151,44.54753756860728,46.26241040379451,280.641220352125,-5.360529096557386,30.0,0.04573745757508984,50.0,16.666666666666668,6.666666666666665,10.0,0.0,17.5,7.5,10.0,0.0,0.0,0.0,2.0,0.0,30.0,3.0,41.666666666666664,18.484227510682363,112.51336095774612,-0.3082386990408935,0.5944055944055953,14.64077046871292,-2.492330190263348,-645.020194878193,0.7468247527844819,2.120889803889123,1.0,50.0,0.0,0.8569711406633381,-0.005327603758947637,18.96242280590989,0.4274960498734881,7.993052538854533,110.0,63.88888888888889,2.7828719004314437,7.752165756179452,17.447873688065645,26.441289130603792,31.705670767394093,34.2063906737386,35.11061269786152,35.14963160128797,34.731913876606704,9.48603470615698,12.348779609469734,19.126961867317924,27.11359924677713,32.26985265398445,34.834760847131164,35.810288267179324,35.89969902031698,35.512191629172975,2.1058824278009816,9.068653617390172,9.61229857692603,7.836604752004566,6.0004577514258886,6.0078142031423765,6.586607651317269,7.044261619165432,7.300122467677218,7.403371716662512,82.24047843220384,92.39628393197417,61.41237403914054,36.005493226647026,36.093831499479265,43.3834003523912,49.6216217592472,53.29178804308571,54.80991277507844,2.0
200208,3725.0,1.775,1.0,33863.63636363636,0.05812080536912752,2.0,9.0,5.0,20.0,0.08333333333333333,0.16666666666666666,0.25,0.3333333333333333,0.4166666666666667,0.5,0.5833333333333334,0.6666666666666666,0.75,0.8333333333333334,0.75,0.03124999999999998,1.4413052305579428,0.27522719478737995,4.181412894375859,0.16377314814814803,1.989550393584718,0.8765860768175578,8.333333333333334,0.0,0.0,0.0,0.0,0.0,1.0,0.0,0.0,0.0,0.0,0.0,11.25,-0.8924419432561908,0.0910640479496451,0.4441977297937874,0.39135203243061484,0.4441977297937874,0.39135203243061484,0.10996600149575575,0.612563452653549,0.3132832253883631,0.43502335514609075,0.3132832253883631,0.612563452653549,0.10996600149575575,-21.458666599606655,7.59080045271921,-146.38387353497436,-154.13277355080191,-132.52862410495717,248.9788071075953,53.71403739135347,-216.9745534950583,279.53036419955856,150.92450058385896,-7.438340847690884,68.6987075250586,30.0,0.03529527137921192,50.0,15.416666666666666,7.152777777777778,10.454545454545455,-0.45454545454545453,15.0,5.0,10.0,0.0,0.0,0.0,1.0,0.0,30.0,3.0,41.666666666666664,17.61864542655498,117.49678171499815,-0.02914868548603987,0.2972027972027971,14.25865399617013,-2.3785565831338453,-623.5752982643019,0.7638910287870574,2.220764311174288,1.0,50.0,0.0,0.8652270327396565,-0.005524120801969645,18.139920177247824,0.5009739749167077,8.5289539543578,115.0,72.74305555555556,2.4170842879150563,7.597286919186356,16.637864817821512,25.355168637881707,30.57459545951076,33.106035721925934,34.06072955487494,34.1520746560872,33.78316121445024,10.11197565318159,10.888206214295087,18.386066396978794,26.49245938958409,31.529981573529366,33.99532655839146,34.91397229276116,34.97740434558249,34.58315431339445,2.101860750919726,9.818846936155559,7.799632429324731,7.824889255319197,7.678921008406207,7.702846909705877,7.724805925733014,7.671516372228005,7.5534503003209865,7.395443233675611,96.4097551556514,60.834266032574014,61.22889185800981,58.965827853342205,59.33385051436537,59.67262659023988,58.85216344936234,57.0546114394192,54.69258062251837,2.0
200209,3650.0,1.6500000000000001,1.0,33181.818181818184,0.05013698630136986,2.0,9.0,5.0,20.0,0.08333333333333333,0.16666666666666666,0.25,0.3333333333333333,0.4166666666666667,0.5,0.5833333333333334,0.6666666666666666,0.75,0.8333333333333334,0.7675475452907251,0.03858024691358029,2.576036609182824,0.12037037037037046,3.8549382716049383,0.39197530864197544,1.7634695636566828,0.6805555555555558,8.333333333333334,0.0,0.0,0.0,0.0,0.0,1.0,0.0,0.0,0.0,0.0,0.0,12.5,-1.0886426592797789,0.16569529408329164,0.4935734057920943,0.4058832478560366,0.4935734057920943,0.4058832478560366,0.03860727288971107,0.6936511945889581,0.10454299362045223,0.3476264473927919,0.10454299362045223,0.6936511945889581,0.03860727288971107,-27.285799347161547,-0.2966449104965694,-185.81728518210124,4.28823519821497,-75.0892356392974,298.95363636310304,-99.43760454493982,-99.82798874979876,250.23459929220627,33.752976736917645,115.05906924555735,-78.74341220586955,30.0,0.03022582229454352,50.0,15.0,7.5,9.090909090909092,-1.8181818181818181,15.0,7.5,5.0,0.0,0.0,0.0,1.0,0.0,30.0,2.0,50.0,17.440374613713626,103.46348533662524,0.0,-0.3496503496503497,15.030835913582406,-2.1275229546190415,-602.0192307652328,0.7779217934853611,2.099715079736438,1.0,50.0,0.0,0.7939195131691688,-0.00512699867301476,18.402034984382276,0.46477191271006524,8.897565210026093,100.0,79.16666666666667,2.0558420308630354,6.706230634651683,16.21122900790499,25.12188703734384,30.368540623209114,32.887106950067604,33.8257489416792,33.90558974433491,33.5300532038469,9.810739383858937,9.798734944669071,18.042897254571713,26.367177092696124,31.379461708472082,33.78601649258757,34.65746425766023,34.68930492067646,34.27560140156014,2.0945740957606063,9.592920347951285,7.144345819649137,7.920997121088428,8.007422776432831,7.900782083437271,7.741647556703604,7.547088001705376,7.3320433692470655,7.110019942716618,92.0241208021378,51.041677190738106,62.74219539229116,64.11881952053527,62.422357529963385,59.93310689221487,56.95853730548524,53.758859968519864,50.55238358582802,2.0
200210,3425.0,1.6,1.0,31136.363636363636,0.057445255474452554,2.0,9.0,5.0,20.0,0.08333333333333333,0.16666666666666666,0.25,0.3333333333333333,0.4166666666666667,0.5,0.5833333333333334,0.6666666666666666,0.75,0.8333333333333334,0.7499999999999999,0.01890432098765432,1.8046347526069841,0.4233753429355282,4.7616598079561046,0.4353780864197531,1.4904184023998739,0.9012774348422499,8.333333333333334,0.0,0.0,0.0,0.0,0.0,1.0,0.0,0.0,0.0,0.0,0.0,11.25,-0.8924419432561908,0.04504272405876253,0.13673229338283746,0.3778533063103765,0.13673229338283743,0.3778533063103765,0.5795744560984599,0.881339143253317,0.14596173115020494,0.0798192397747833,0.14596173115020492,0.881339143253317,0.5795744560984599,-39.00545385838009,-39.831536774939714,120.6422461271513,74.32805019547862,37.753285573707785,52.467999744402476,39.86132546521091,-86.74723778428303,37.36632930866543,139.55481055991828,-37.11969173262223,117.2267170264677,30.0,0.03245823389021481,50.0,14.583333333333334,7.152777777777778,9.090909090909092,0.9090909090909091,15.0,5.0,5.0,0.0,0.0,0.0,1.0,0.0,30.0,2.0,41.66666666666667,16.89427911059441,103.46348533662524,0.029148685486039827,0.2972027972027975,14.50583004274771,-2.1464761082633417,-602.1212853391055,0.7982703923542169,2.188370612701453,1.0,50.0,0.0,0.8452095582851921,-0.005397001692301175,18.12618998705016,0.4000423300375009,8.5289539543578,100.0,72.74305555555556,1.0351000035524114,5.140736262148226,15.173004695370588,24.29507879233455,29.613446037899134,32.1675302288269,33.132787032844234,33.236675456997425,32.883868176046384,8.754200898413703,8.138302778264984,17.627747694763663,26.08430600912793,31.016947608551064,33.34522745150212,34.166267297553055,34.170132623543196,33.743265078142706,2.0815999768678553,8.69279019374292,6.30910475374675,8.973149798398975,9.494217527110024,9.224687133558394,8.783745941790334,8.339798827551702,7.932299041057176,7.566977726556929,75.5646013524331,39.804802793749836,80.51741730450756,90.14016645208319,85.09485271203776,77.15419276991817,69.55224448403276,62.921368076756586,57.25915191420867,2.0
200211,3950.0,1.7249999999999999,1.0,35909.09090909091,0.05879746835443038,2.0,9.0,5.0,20.0,0.08333333333333333,0.16666666666666666,0.25,0.3333333333333333,0.4166666666666667,0.5,0.5833333333333334,0.6666666666666666,0.75,0.8333333333333334,0.75,0.05555555555555556,0.7006169054712279,1.2464849108367628,4.66289437585734,0.6319444444444444,1.1472911878072352,0.5768175582990397,25.0,0.0,0.0,0.0,0.0,0.0,1.0,0.0,0.0,0.0,0.0,0.0,12.5,-1.0126086616023178,0.002203637874068927,0.5091282823981472,0.027035453448865394,0.5091282823981472,0.027035453448865394,0.21463559539788216,0.5130833493844074,0.2785466336067627,0.0059795171562105134,0.2785466336067627,0.5130833493844074,0.21463559539788218,-34.92297387070347,-14.66194957670683,156.76809499709407,34.51467202213611,-60.49115448092953,58.84577513471279,49.99488682398455,-135.23672416552947,0.076859953261911,155.67825587599958,83.35881382187145,176.67374336466196,30.0,0.03119583070268648,50.0,15.833333333333334,7.5,9.545454545454545,1.3636363636363635,17.5,7.5,5.0,0.0,0.0,0.0,1.0,0.0,30.0,2.0,16.666666666666664,18.1429508808977,107.56250485021802,-0.25307888848549903,0.48951048951048926,13.39255503542679,-2.3470172710635904,-682.2266584416193,0.715804707743699,2.322977898099452,1.0,50.0,0.0,0.8302070130155237,-0.005969543124637649,16.50814054512359,0.47699117693074977,8.858454843945541,105.0,78.47222222222221,1.5940155001456622,5.527414904165048,15.801101419643869,25.480583203998975,31.21131956158037,34.00043651435319,35.08232728994543,35.23271121454719,34.8861569273435,11.024517414911895,9.275095582052934,17.755443536809338,26.818671361596877,32.282743367920276,34.93848691096488,35.9401640434834,36.034461445638954,35.64452146461753,2.0922390522647407,10.908670808902018,7.448159674270681,8.098207771782164,8.365465509188452,8.247972513527824,8.041653092561472,7.805491873908207,7.558999414576063,7.31354669653126,118.99909881699102,55.47508253343193,65.58096911495304,69.98101318542159,68.02905058391049,64.66818446110348,60.92570339364705,57.13847214956127,53.4879652823433,2.0
200212,4475.0,1.9250000000000003,1.0,40681.818181818184,0.05865921787709497,2.0,9.0,5.0,25.0,0.08333333333333333,0.16666666666666666,0.25,0.3333333333333333,0.4166666666666667,0.5,0.5833333333333334,0.6666666666666666,0.75,0.8333333333333334,0.6859619637674199,0.13927469135802503,1.1801715044078793,2.69832390260631,2.2668038408779148,0.11361882716049367,0.32424379051667496,0.15950788751714684,25.0,0.0,0.0,0.0,0.0,0.0,1.0,0.0,0.0,0.0,0.0,0.0,12.5,-0.8742394160182312,0.15511589341903848,0.49803033913321737,0.32191065921431095,0.49803033913321737,0.32191065921431095,0.007202358978570429,0.360357837600063,0.27423339701422245,0.03811767281817269,0.27423339701422245,0.360357837600063,0.007202358978570448,-24.469735461167943,-42.59872954124766,113.31946032757229,2.0433991512594796,-33.30633702325405,47.713838570404995,25.827215578223928,-165.0289834960288,-21.9376227115852,232.94037815828568,146.25675575231583,158.0506901208424,30.0,0.043159278173978514,50.0,17.083333333333332,7.5694444444444455,8.636363636363637,2.272727272727273,20.0,5.0,5.0,0.0,0.0,0.0,0.0,0.0,30.0,2.0,16.666666666666664,19.311050377094112,98.51262922909713,-0.5495466242014381,0.5769230769230766,14.703597355135354,-2.331265466025679,-680.5958049301687,0.8303570787988646,2.102793706349533,1.0,50.0,0.0,0.7731799312681696,-0.00529529278878753,17.928788829789678,0.5328369312610899,9.004242827072629,95.0,81.07638888888889,2.159283944022165,7.045684195170648,17.13410226012034,27.04831878432965,33.00909477636461,35.93021094244552,37.06820356628994,37.228068142849224,36.86436306815498,12.395765127713236,12.932796146671343,19.080787832203175,27.962311281866416,33.71982953830101,36.61272365981771,37.753771947193925,37.91707345502302,37.55189751287458,2.1125833773011933,12.206247824393852,10.845070326801931,8.39636850294769,7.090790024057535,6.88669486307156,7.036439115173557,7.162093311931708,7.195512611689755,7.152883502244904,148.99248595051964,117.61555039327975,70.49900403729204,50.27930316527386,47.42656613705622,49.511475421544425,51.29558060881689,51.77540174498631,51.16374239668733,1.0
200301,4875.0,1.9999999999999998,1.0,44318.181818181816,0.05369230769230769,2.0,9.0,5.0,25.0,0.08333333333333333,0.16666666666666666,0.25,0.3333333333333333,0.4166666666666667,0.5,0.5833333333333334,0.6666666666666666,0.75,0.8333333333333334,0.6105285271744351,0.11149691358024692,0.853318781370004,3.8960262345679015,1.2160493827160495,0.05343364197530867,0.056789243321353815,0.009645061728395061,16.666666666666668,0.0,0.0,0.0,0.0,0.0,0.0,0.0,0.0,0.0,0.0,0.0,10.0,-0.42285714285714304,0.09468919812487167,0.6856842515887183,0.25708774487069325,0.6856842515887183,0.2570877448706933,0.12243648072255438,0.2970918122190667,0.23904264686476032,0.15460938326762752,0.23904264686476034,0.2970918122190667,0.12243648072255439,-22.666228230545872,-45.06588684178206,40.211014205888965,13.247444970504496,-40.41118713220319,48.194273491892616,49.918474717140896,-135.33539660046466,-3.580201038442571,217.39129798456787,137.0466849372724,150.14679616764803,30.0,0.08306031276068221,41.66666666666667,18.75,5.833333333333333,6.363636363636363,-0.9090909090909091,20.0,5.0,5.0,0.0,0.0,5.0,0.0,0.0,25.0,1.0,25.0,20.155644370746373,73.59498670308264,-0.6471466864778356,-0.08741258741258626,9.217365353071147,-3.421794660611079,-875.9613449055095,0.8124475751900415,4.201705372486169,1.0,41.66666666666667,0.0,1.500025860951435,-0.008116783532706265,14.301828490311058,0.31543910027054034,7.39509972887452,70.0,54.6875,3.437169271559096,8.634341896364084,19.137857682453344,29.368450779159446,35.49247025138814,38.46470458506608,39.59039557144995,39.70555692967235,39.28198830516235,11.139581758196949,15.113520888707718,20.964210451940435,29.794351001687076,35.76740125666407,38.81537375008991,40.03101660838034,40.21403088814311,39.83571801546131,2.1125712006305224,10.596044032855099,12.404299805716418,8.558067725801779,5.019706210907209,4.426234077581337,5.205741113690317,5.923079367739237,6.374717968434059,6.618899047457743,112.27614914620415,153.86665367009638,73.24052319941002,25.19745044382041,19.591548109542305,27.0997405427657,35.08286919653823,40.63702917707605,43.809824600437025,0.0
200302,5200.0,2.05,1.0,47272.72727272727,0.06860576923076923,2.0,9.0,5.0,25.0,0.08333333333333333,0.16666666666666666,0.25,0.3333333333333333,0.4166666666666667,0.5,0.5833333333333334,0.6666666666666666,0.75,0.8333333333333334,0.6105285271744351,0.0015432098765432011,2.61089140853977,2.09679355281207,2.503429355281208,0.07484567901234576,0.3347533102530973,0.16478052126200296,8.333333333333334,0.0,0.0,0.0,0.0,0.0,0.0,0.0,0.0,0.0,0.0,0.0,10.0,-0.17617728531856036,0.21619601998089083,0.6017578742341885,0.4196104579911413,0.6017578742341886,0.4196104579911413,0.320227208551518,0.29833155223929664,0.15849293473356613,0.071306417505276,0.15849293473356618,0.29833155223929664,0.320227208551518,6.5511207522237545,-61.199352778812234,308.52444493867654,-119.06774340027162,-89.07907714139594,76.50378217652502,-85.66870198106734,-56.10709119135798,82.22718476461984,114.46287101449451,92.15174889588461,0.8721141368586433,35.0,0.06846328770311519,50.0,19.166666666666668,6.11111111111111,6.363636363636363,1.8181818181818181,20.0,5.0,5.0,0.0,0.0,5.0,1.0,0.0,30.0,1.0,16.666666666666664,20.816659994661325,73.59498670308264,-0.19655585271526146,1.0489510489510494,10.419930392598648,-3.001297121912129,-881.975098388695,0.8091991435822983,3.523580759883868,1.0,50.0,0.0,1.3218053645461652,-0.007498321512377835,15.29713593657495,0.28070861446281725,8.122328620674137,70.0,65.97222222222223,2.499872158863758,8.668133041432878,19.886642289089064,30.128318421741856,36.11611312934741,38.96120580428699,39.99043756695533,40.035120176165286,39.559832188926556,9.704642097515666,17.352254110024038,22.748986588293516,30.926181375098416,36.684355285842514,39.62629222918617,40.77107291456522,40.900271760374636,40.47870507349343,2.1067696764624664,9.377138019151213,15.032105383972855,11.047074239823537,6.979478742973188,6.431818962478716,7.229625032382692,7.940106410385298,8.367878019695487,8.5758522381646,87.93071743021112,225.9641922748657,122.03784926017279,48.7131235236146,41.368295166100786,52.26747810885444,63.045289808241705,70.02138255250286,73.54524161083278,0.0
200303,5075.0,2.125,1.0,46136.36363636364,0.06266009852216749,2.0,9.0,5.0,25.0,0.08333333333333333,0.16666666666666666,0.25,0.3333333333333333,0.4166666666666667,0.5,0.5833333333333334,0.6666666666666666,0.75,0.8333333333333334,0.65701901811629,0.031249999999999962,2.5188655408430596,2.5464891975308643,2.2376543209876543,0.4693287037037039,1.0594523603915071,0.713348765432099,16.666666666666668,0.0,0.0,0.0,0.0,0.0,0.0,0.0,0.0,0.0,0.0,0.0,11.25,-0.5143587830997927,0.16580417860078744,0.7141649239596976,0.296430808989733,0.7141649239596976,0.296430808989733,0.05968867312001709,0.32762020587274543,0.22424191717484288,0.051102013302926866,0.22424191717484288,0.32762020587274543,0.059688673120017105,-15.57796979350579,-32.811738805804,-205.08940530586918,29.45949473778837,-62.4720551201525,17.004390786919284,-23.54382163142794,74.94614496724576,263.7134198253905,99.10436717462267,51.85145705904865,79.87408649945839,35.0,0.04820587380044239,50.0,18.75,6.666666666666667,8.636363636363637,-0.45454545454545453,20.0,5.0,5.0,0.0,0.0,5.0,1.0,0.0,30.0,2.0,25.0,20.56493779875511,97.61497870947626,-0.1231358826964311,0.5069930069930074,11.623357497635782,-2.712712634507825,-841.0636786792554,0.9259799817295398,3.026257228083687,1.0,50.0,0.0,1.1629796078124568,-0.0068794161440730245,16.153015249899486,0.3271328033711073,8.447139555297206,95.0,71.35416666666667,3.22661777156603,9.599521550643912,20.70138434616653,30.71691515367152,36.52725864366324,39.25290614776585,40.20310769404523,40.19454233845591,39.68239992918645,10.435004534686323,17.367424840234378,23.1971779498845,31.531545618277104,37.180305195224946,39.99927768062821,41.04916100662473,41.109795318196454,40.638954979908384,2.114217555896667,9.92362118357701,14.473307554941035,10.467174928838201,7.121059789078795,6.937901007437336,7.691006041259351,8.291185143801938,8.626357128364335,8.765374933174444,98.47825739513839,209.47663157991323,109.56175099089899,50.70949251963493,48.13447038900001,59.15157392668784,68.74375108880197,74.41403730608218,76.83179771912289,0.0
200304,5250.0,2.1,1.0,47727.27272727273,0.05971428571428571,20.0,20.0,20.0,20.0,0.08333333333333333,0.16666666666666666,0.25,0.3333333333333333,0.4166666666666667,0.5,0.5833333333333334,0.6666666666666666,0.75,0.8333333333333334,0.5731120392262111,0.006172839506172892,2.458622921165279,2.5448388203017824,1.8645404663923182,0.6998456790123453,1.3728242667633899,0.8401920438957476,16.666666666666668,0.0,0.0,0.0,0.0,0.0,0.0,0.0,0.0,0.0,0.0,0.0,7.5,-0.39231447897264937,0.1876891184714892,0.6725849122790107,0.42360172898423687,0.6725849122790108,0.42360172898423676,0.05406544969010655,0.2590641151986175,0.23020817136197494,0.1529544646403896,0.2302081713619749,0.2590641151986175,0.054065449690106585,-33.94670212446146,-52.24158410247602,73.68068749019206,-90.01810967545495,-92.34739364466509,67.05456642623264,87.82020926336693,168.1251113515111,202.13911866175755,146.48587806485907,90.43683590581124,-129.8733717632385,35.0,0.041788266061132555,50.0,19.166666666666668,6.249999999999999,9.090909090909092,0.0,20.0,5.0,5.0,0.0,0.0,5.0,2.0,0.0,30.0,2.0,41.666666666666664,20.91650066335189,102.56583481700436,-0.26797041162090846,0.3846153846153853,11.977388252001186,-2.7306605225333134,-840.7868692419984,0.8784658810851025,2.8918965933517202,1.0,50.0,0.0,1.1420426203483316,-0.006697343184685101,16.72156935241585,0.3129147939311687,8.374896350934074,100.0,70.13888888888889,2.6208139149511243,9.143252069770368,20.38706019412468,30.976057764032248,37.24695542216703,40.25888412285346,41.37281361658073,41.452423044687016,40.983123564092004,10.213595872253265,15.249367558477722,22.685804535748197,32.09676902498697,38.15945258433333,41.158176977499856,42.28641062181615,42.37510495910952,41.90586458241085,2.099383925943676,9.871619677890124,12.204267799511477,9.950552953243882,8.407522063170607,8.295066805944693,8.556738940382393,8.742472003073166,8.79466565708149,8.745574271008344,97.4488750649075,148.94415252219272,99.01350407531054,70.68642724270053,68.80813331508547,73.2177812938564,76.43081672451814,77.34614401984861,76.48506932972313,0.0
200305,5250.0,2.0749999999999997,1.0,47727.27272727273,0.05885714285714286,2.0,9.0,5.0,25.0,0.08333333333333333,0.16666666666666666,0.25,0.3333333333333333,0.4166666666666667,0.5,0.5833333333333334,0.6666666666666666,0.75,0.8333333333333334,0.5731120392262111,0.038580246913580384,2.889173173453198,1.991855281207133,1.3511659807956105,1.0933641975308637,1.6037966482203274,0.5968792866941015,16.666666666666668,0.0,0.0,0.0,0.0,0.0,0.0,0.0,0.0,0.0,0.0,0.0,7.5,-0.3923144789726498,0.12454820763797998,0.5736569511049209,0.3443909256813907,0.5736569511049209,0.3443909256813907,0.14882086483866297,0.32813587350481643,0.17257729025674484,0.2587985983194805,0.1725772902567448,0.32813587350481643,0.14882086483866297,-40.17122643250469,-62.09075809003748,-141.16230039027573,-68.19799753317636,-33.30862581948669,154.0682159877467,143.10178870375358,130.4223754156316,258.5482331038486,119.7046583070815,-237.80597266732693,93.23015424029828,35.0,0.033942369375011605,50.0,19.166666666666668,6.249999999999999,8.636363636363637,-0.45454545454545453,20.0,5.0,5.0,0.0,0.0,5.0,2.0,0.0,30.0,1.0,41.666666666666664,20.91650066335189,98.46681530341158,-0.2679704116209084,0.4545454545454548,11.977388252001184,-2.7306605225333134,-840.7868692419984,0.8784658810851024,2.891896593351722,1.0,50.0,0.0,1.142042620348332,-0.006697343184685102,16.721569352415848,0.3129147939311687,8.374896350934076,95.0,70.1388888888889,2.782905115352971,7.9821149718233215,19.563022275651115,30.73570723992394,37.40299768894993,40.64874383938108,41.89647725173787,42.05152465823917,41.6234348933127,10.618319055736812,11.694858109679506,21.726635708450452,32.3236721766054,38.71681898654739,41.81833143236106,42.97647117150511,43.067191638137096,42.58821974363009,2.087194316151847,10.24715271128355,8.547253756741432,9.451711942822453,10.006801858852874,10.000391808198472,9.82102174252635,9.574041374979585,9.297971257942699,9.013663440238021,105.00413868836579,73.0555467821305,89.33485865009258,100.13608344234136,100.00783631748311,96.45246806717529,91.66226824982097,86.45226951352852,81.24612861388353,0.0
200306,4725.0,2.0,1.0,42954.545454545456,0.05793650793650794,2.0,9.0,5.0,20.0,0.08333333333333333,0.16666666666666666,0.25,0.3333333333333333,0.4166666666666667,0.5,0.5833333333333334,0.6666666666666666,0.75,0.8333333333333334,0.5906595845169362,0.009645061728394974,3.502545262718816,0.9627271947873793,0.4972565157750342,2.067322530864198,1.573886493111086,0.4907836076817557,8.333333333333334,0.0,0.0,0.0,0.0,0.0,0.0,0.0,0.0,0.0,0.0,0.0,11.25,-0.5774744960441103,0.18128989142536361,0.4259001447913869,0.5241127802362262,0.4259001447913869,0.5241127802362262,0.49809275318736745,0.27049979146086456,0.38894060936394254,0.1859919890771089,0.3889406093639425,0.27049979146086456,0.49809275318736745,-46.60161450205128,10.071613635028095,15.908278982699485,46.14905791724311,117.421741871664,125.67873580702518,11.985991911073386,7.4073555651110885,73.63094847940705,-344.4816131809874,64.89963025477726,39.80465017127036,35.0,0.03495355023993376,41.66666666666667,17.916666666666668,6.944444444444444,9.090909090909092,-0.9090909090909091,20.0,5.0,10.0,0.0,0.0,5.0,2.0,0.0,30.0,1.0,50.0,19.84313483298443,103.41767141093968,0.05899693942374468,0.36713286713286714,11.737085533838322,-2.658904062975371,-801.32125060522,0.8005300798293212,2.6316809372610805,1.0,41.66666666666667,0.0,1.0763071919352873,-0.006820927439740289,16.338951438654995,0.19884120566661279,8.5289539543578,100.0,72.74305555555556,2.4069846720348376,6.9522867595666495,18.673277292758545,29.765104385162704,36.31815029248482,39.49269253446448,40.70910724456183,40.8588334494576,40.44073987772297,8.051742147163788,10.170618666366149,21.82315982407437,32.12193602668313,38.14665622120965,41.00311294316544,42.016257214600294,42.02634038238674,41.5062260634693,2.07243738247299,7.683552329033949,7.42342191104546,11.29420293136447,12.077141012784937,11.668733444193418,11.026445819403211,10.398771931060647,9.837124330093388,9.344161822986866,59.03697639300302,55.10719286938982,127.55901985484178,145.85733504269197,136.159340191638,121.58250740823455,108.1344576742148,96.76901508571531,87.31336017416523,0.0
200307,4325.0,1.925,1.0,39318.181818181816,0.05329479768786127,2.0,9.0,5.0,20.0,0.08333333333333333,0.16666666666666666,0.25,0.3333333333333333,0.4166666666666667,0.5,0.5833333333333334,0.6666666666666666,0.75,0.8333333333333334,0.6745665634070153,0.3244598765432096,4.696915935085109,0.21238425925925938,0.1790123456790126,3.0117669753086416,0.22245134886550855,1.5312500000000004,8.333333333333334,0.0,0.0,0.0,0.0,0.0,1.0,0.0,0.0,0.0,0.0,0.0,12.5,-0.83745799853908,0.03530858839568222,0.5671797959084734,0.5941000714795803,0.5671797959084734,0.5941000714795803,0.4454637834742622,0.24363949657841716,0.03903965555776016,0.5143262275891485,0.03903965555776019,0.24363949657841716,0.4454637834742622,-28.381218515904568,50.491221413838936,101.31097796032286,74.99153154912568,103.52879848107895,50.480873917941224,-107.39354060602386,128.43148723888925,-49.255943942745226,-141.68750097042616,-184.1603943216249,-54.87135311321588,35.0,0.03258858414298767,50.0,16.25,8.541666666666666,8.636363636363637,-0.45454545454545453,20.0,7.5,10.0,0.0,0.0,0.0,2.0,0.0,35.0,1.0,50.0,18.984642916490863,98.43425065368766,0.045430442851700406,-0.2272727272727273,12.627839050794433,-1.9946311644088286,-763.1391943203889,0.7497546609393125,2.8258733761563515,1.0,50.0,0.0,1.1282125018333569,-0.006362825631020002,16.997417599126965,0.11284520094262307,9.816015824491455,95.0,96.35416666666667,1.2557720314249472,6.580731425240805,18.146873936637295,28.66123311495747,34.77998908601596,37.703359364977366,38.79192719584395,38.88736522858323,38.45751057193878,6.58389045797067,12.315071568445967,22.805573044285772,31.765166877179855,37.00368785024644,39.43502897151722,40.22564313821584,40.12576629388469,39.559183976124224,2.0827464105403193,6.463021752063666,10.409368935953529,13.812498984834285,13.695237970373123,12.63428959993743,11.557603669436663,10.643718819822004,9.89191317441824,9.270863900740896,41.77065016764809,108.3549616447943,190.78512820604817,187.5595430651497,159.62527369508712,133.57820257977582,113.28875031543312,97.84994625022915,85.9489174660607,1.0
200308,4525.0,1.95,1.0,41136.36363636364,0.046906077348066295,2.0,9.0,5.0,20.0,0.08333333333333333,0.16666666666666666,0.25,0.3333333333333333,0.4166666666666667,0.5,0.5833333333333334,0.6666666666666666,0.75,0.8333333333333334,0.7210570543488701,0.13927469135802495,4.818566631938905,0.3197230795610424,0.9910836762688614,2.40991512345679,0.5911984572243312,1.0566272290809324,8.333333333333334,0.0,0.0,0.0,0.0,0.0,1.0,0.0,0.0,0.0,0.0,0.0,11.25,-0.4456178628759626,0.026207295438483658,0.48535541228757195,0.6049795877686919,0.4853554122875719,0.6049795877686918,0.5740387645986712,0.2602947242414184,0.24970726591882264,0.6709757641822917,0.24970726591882264,0.2602947242414184,0.5740387645986712,-26.203914302287902,17.580080421917625,228.62273070414673,17.292935438579747,74.55744515083367,60.81245150128878,-191.81531146963076,97.10636252202448,-95.79521060180546,-143.95736818258973,-34.706285651099755,148.17221779864258,35.0,0.0313871183321069,50.0,17.083333333333332,7.569444444444444,10.0,0.9090909090909091,20.0,5.0,10.0,0.0,0.0,0.0,3.0,0.0,35.0,1.0,41.666666666666664,19.41863366288507,112.46754703206057,-0.06636131134368792,-0.7867132867132866,12.81823601018462,-2.404175270260818,-742.2403591649747,0.6504292213211107,2.664990493707407,1.0,50.0,0.0,1.1053104766297854,-0.006264907194762193,17.88332783816191,0.2750637306075686,9.23271658590014,110.0,85.24305555555556,0.8796601657134735,6.711963052107136,18.439023586880513,29.194802825105366,35.526294643585,38.58589256268622,39.75032301578421,39.88267401972848,39.46599733195706,7.191438046286237,11.853920205093125,22.39548372755899,31.790562658724582,37.386053543217315,40.04414803879234,40.968498704664604,40.94417723399596,40.417718360358876,2.073326299476786,7.137435055146221,9.770618005830732,12.71062943185048,12.581866402148506,11.64471504303545,10.708066459149048,9.91613363438196,9.262718953144782,8.719346996836967,50.94297916643014,95.46497621586373,161.56010055382364,158.30336216151338,135.59938843349613,114.66268729355285,98.32970625492119,85.79796240494755,76.02701205124981,2.0
200309,4900.0,2.0,1.0,44545.454545454544,0.04311224489795919,20.0,20.0,20.0,20.0,0.08333333333333333,0.16666666666666666,0.25,0.3333333333333333,0.4166666666666667,0.5,0.5833333333333334,0.6666666666666666,0.75,0.8333333333333334,0.6371500754587913,0.01388888888888881,4.495370746571661,0.30075445816186547,1.3830589849108368,2.064814814814815,0.8221875524681179,0.9137517146776407,8.333333333333334,0.0,0.0,0.0,0.0,0.0,1.0,0.0,0.0,0.0,0.0,0.0,7.5,0.2573964497041419,0.18988862916490992,0.7239467416829181,0.37173222183230714,0.7239467416829181,0.37173222183230714,0.28829041771400993,0.3650210534427279,0.004260242110373661,0.11904970907023801,0.00426024211037368,0.3650210534427279,0.2882904177140099,-19.020377641567904,-4.146233237120467,257.36997520194006,17.92384243454853,37.06998961928106,91.1506143364962,-232.55626787599323,116.99641422380746,-121.44559347372879,-177.0905392000493,56.16627578905417,190.70943278078028,35.0,0.035304976900009326,50.0,18.333333333333332,6.388888888888889,9.090909090909092,0.0,20.0,5.0,10.0,0.0,0.0,0.0,3.0,0.0,35.0,1.0,41.666666666666664,20.207259421636902,102.53327016728043,-0.2866312744327302,-1.2237762237762242,12.04527897234836,-2.6509076573398884,-806.0722592897182,0.790332530318239,2.76469183390203,1.0,50.0,0.0,1.121970824126212,-0.006662427957077983,16.96413101549484,0.1930743375611641,8.498365855987975,100.0,72.22222222222223,2.2036487437984693,7.38926340140625,19.154401112151277,30.038838204518687,36.409244406078244,39.4612606532724,40.600284885245436,40.70171410365822,40.253569633339815,9.300826588853914,11.972261372751097,22.158650366564633,31.872899736736567,37.768435110600734,40.611379356530996,41.639476983841305,41.67025477104464,41.17039054884425,2.081118348017921,9.03600063357055,9.419863521416122,11.140677901387903,10.655981275828639,10.04099658809414,9.596511912907108,9.24461522859445,8.931998752118046,8.6400919970928,81.64930744988739,88.73382876210614,124.11470410247277,113.54993695081053,100.82161248211817,92.09304089456805,85.46291072476042,79.78060170783833,74.65118971822703,2.0
200310,4725.0,1.9499999999999997,1.0,42954.545454545456,0.040423280423280424,2.0,9.0,10.0,20.0,0.08333333333333333,0.16666666666666666,0.25,0.3333333333333333,0.4166666666666667,0.5,0.5833333333333334,0.6666666666666666,0.75,0.8333333333333334,0.6745665634070153,0.06520061728395084,3.608839334903538,0.24487740054869678,2.045610425240054,1.6807484567901239,0.8497940670169009,0.9516889574759945,8.333333333333334,0.0,0.0,0.0,0.0,0.0,1.0,0.0,0.0,0.0,0.0,0.0,7.5,0.17057319108458024,0.07498353721587789,0.48350029640267167,0.3553615223614784,0.48350029640267167,0.3553615223614784,0.4028364394457845,0.15657853231807484,0.033217975776367016,0.19848388493516125,0.03321797577636698,0.15657853231807484,0.4028364394457845,-30.322960499134922,1.2746205376076898,23.391371670587095,-41.75725982621935,78.66536188555646,-31.25073279565306,-25.523309717061743,-41.398874748074476,-97.06812481286018,-32.94701573733934,278.26288689583004,171.36872511198482,35.0,0.038683062602089535,50.0,17.916666666666668,6.597222222222222,9.090909090909092,-0.9090909090909091,20.0,5.0,10.0,0.0,0.0,0.0,3.0,0.0,35.0,2.0,41.666666666666664,19.84313483298443,102.53327016728045,-0.14247877465576433,-1.2762237762237763,12.13383212541991,-2.6568937003803614,-783.5366481166632,0.7738352405889733,2.6198292294487335,1.0,50.0,0.0,1.071010325971899,-0.006616886335498329,16.92568624138181,0.20142880627878856,8.5289539543578,100.0,72.74305555555556,2.932382617935344,7.932844145245951,18.631124280961235,28.837484536107283,34.8924272339051,37.81665614883162,38.91826248779864,39.02581715896776,38.60471022440695,9.812548079242587,13.626238961232,21.724324096100094,30.40514476744891,35.96870445890638,38.731501688440666,39.77012521083161,39.845012582605364,39.40081270070219,2.0973339179587844,9.364146089712508,11.079005911896337,11.172621243905654,9.637028274281386,8.73305342814237,8.368377427119173,8.18728918605106,8.038073325293611,7.8803800647801205,87.68723198947804,122.74437199583399,124.82746545977194,92.87231395929888,76.26622217878918,70.0297407627177,67.03170421602864,64.61062278279668,62.10038996538393,2.0
200311,4725.0,1.9000000000000001,1.0,42954.545454545456,0.046296296296296294,25.0,25.0,25.0,25.0,0.08333333333333333,0.16666666666666666,0.25,0.3333333333333333,0.4166666666666667,0.5,0.5833333333333334,0.6666666666666666,0.75,0.8333333333333334,0.6745665634070153,0.08680555555555568,3.2036914387582467,0.45912637174211224,1.4602194787379967,2.7262731481481493,1.1289131565778319,0.40333504801097375,8.333333333333334,0.0,0.0,0.0,0.0,0.0,1.0,0.0,0.0,0.0,0.0,0.0,7.5,0.1705731910845807,0.12814405626758268,0.45427224003466704,0.34951843568541774,0.45427224003466693,0.34951843568541774,0.43342789649621155,0.1482034019447707,0.03262830571412441,0.32068716145591347,0.03262830571412445,0.1482034019447707,0.43342789649621155,-32.34558851207721,7.082403618136963,171.3643527125283,47.71820671573677,-7.758255934477206,67.43852915722343,-170.02092016916785,-82.33394890999575,-20.263871798788923,118.28898262133018,229.05369669430334,61.4236714478881,35.0,0.04166305213041159,50.0,17.916666666666668,6.597222222222221,10.0,0.0,20.0,5.0,10.0,0.0,0.0,0.0,4.0,0.0,35.0,2.0,33.333333333333336,19.84313483298443,111.58314578840132,-0.14247877465576453,-0.681818181818182,12.133832125419909,-2.6568937003803614,-783.5366481166632,0.7738352405889733,2.6198292294487326,1.0,50.0,0.0,1.0710103259718988,-0.006616886335498329,16.925686241381815,0.20142880627878845,8.5289539543578,110.0,72.74305555555556,2.7462705794914544,8.247745015743321,18.314918367495,28.047040263391363,33.87485585896873,36.70407826200671,37.77516000001056,37.88365774022046,37.47885795091268,9.52565152943171,15.708027795388785,21.48789259488812,29.01893966505494,34.35268205912987,37.12529886133181,38.23059956344611,38.381417496229396,38.00946614152772,2.108705091322572,9.1211860503108,13.368501762575637,11.23802889128881,7.447307684512754,5.7097202374332765,5.576598827214668,5.8835388971407925,6.161305481933067,6.328880079386225,83.19603496438435,178.71683937598792,126.293293361442,55.46239174780272,32.60090518975511,31.09845447969201,34.616029954168695,37.96168524169846,40.05472305925179,2.0
200312,4200.0,1.8499999999999996,1.0,38181.818181818184,0.04494047619047619,2.0,9.0,10.0,20.0,0.08333333333333333,0.16666666666666666,0.25,0.3333333333333333,0.4166666666666667,0.5,0.5833333333333334,0.6666666666666666,0.75,0.8333333333333334,0.65701901811629,0.038580246913580425,1.6592574407357155,1.0949931412894376,1.0785322359396436,2.9660493827160503,1.2220868665345175,0.10716735253772287,8.333333333333334,0.0,0.0,0.0,0.0,0.0,1.0,0.0,0.0,0.0,0.0,0.0,10.0,0.2174556213017751,0.13327465942501943,0.5953769593083791,0.10252154938666663,0.5953769593083791,0.10252154938666663,0.5167670387764571,0.15410235658453605,0.2348171351821326,0.01919134882711071,0.23481713518213257,0.15410235658453605,0.516767038776457,-22.05278733626883,-42.74783741878271,-58.60146067285091,54.01279479957938,48.655603369207896,2.4707341183150535,-174.17638748134922,-0.33026929310435627,260.3913917476238,38.23538741968187,337.7863064184284,-120.59024487037125,35.0,0.03489003908274528,41.66666666666667,16.666666666666668,6.666666666666667,10.909090909090908,-0.9090909090909091,17.5,5.0,10.0,0.0,0.0,0.0,3.0,0.0,35.0,3.0,33.333333333333336,18.708286933869708,121.51742265318146,0.18480174272636554,-0.664335664335664,12.203500046544058,-2.501287894737394,-746.1188053560109,0.8107431055122127,2.332799107846177,1.0,41.66666666666667,0.0,0.9130848823337385,-0.006581057118920196,15.94355723084459,0.27952576582417965,8.498365855987975,120.0,72.22222222222223,3.135220723631216,8.605690321233192,18.01988715680991,26.82851172093549,32.01330650554314,34.47646190753206,35.359227283422726,35.38360765543057,34.95458162761589,10.670557659194836,15.769700718611443,20.513651201867795,27.3339948694338,32.24071584768322,34.77528033401788,35.7658693576677,35.876257860685286,35.50696984049202,2.1220703964727146,10.199568214993953,13.214596280235263,9.802731889005697,5.232421462560154,3.8225599999478,4.549032495819481,5.377960285183138,5.925047457441812,6.238760332946598,104.03119177231493,174.62555484960762,96.09355248772921,27.37823436186014,14.611964953200925,20.693696648021614,28.9224568290071,35.106187372937676,38.92213049194795,2.0
200401,4425.0,1.75,1.0,40227.27272727273,0.0496045197740113,2.0,9.0,10.0,20.0,0.08333333333333333,0.16666666666666666,0.25,0.3333333333333333,0.4166666666666667,0.5,0.5833333333333334,0.6666666666666666,0.75,0.8333333333333334,0.6859619637674199,0.3244598765432094,1.1220731003634203,1.1705461248285318,1.3779149519890266,1.0302854938271604,1.3638236760426152,0.15950788751714684,8.333333333333334,0.0,0.0,0.0,0.0,0.0,1.0,0.0,0.0,0.0,0.0,0.0,11.25,-0.12770510932539691,0.2553410010122543,0.35384281573498877,0.3871006877687485,0.35384281573498877,0.3871006877687486,0.5540499109803194,0.22035282877522014,0.07711687921739607,0.16722334191483218,0.07711687921739607,0.22035282877522014,0.5540499109803194,-49.51259177505145,-7.267494243429468,326.32192483936666,149.63125480105083,-1.177374339652851,-54.252898674710586,-135.41489443418916,147.30111886155683,123.83947291928713,56.476396946909304,160.91782493506682,-109.01338238181769,35.0,0.030689351935096962,41.66666666666667,17.083333333333332,7.083333333333333,10.909090909090908,-0.9090909090909091,17.5,7.5,10.0,0.0,0.0,0.0,4.0,0.0,35.0,2.0,41.66666666666667,19.20286436967152,121.51742265318147,0.0924488847588021,-0.19230769230769146,11.51878855209834,-2.5654017655073207,-785.3283739939509,0.7783593460161851,2.379053911140905,1.0,41.66666666666667,0.0,0.9465340088715134,-0.006933194458920851,15.310762257660432,0.25041242916704487,8.769818824937161,120.0,76.90972222222221,2.867071215352091,8.081729607591871,17.825453574838804,26.779844979673502,32.01049118437661,34.48659244203849,35.37195010113026,35.395739323312064,34.965274628832255,8.85222409780809,14.593401518813213,20.017410285423818,27.13208288266359,32.122975226061214,34.692118082698286,35.7024891368103,35.8260635213594,35.46616311294953,2.111167693970427,8.375068604131773,12.151255673348029,9.107684633662815,4.357731567729054,2.685887471412395,3.7706761728654414,4.846945079862991,5.536105598037231,5.939553525702146,70.14177412391372,147.65301443907268,82.94991938625776,18.98982441638232,7.213991509090069,14.217998800615172,23.492876607208057,30.648465192619174,35.27829608468079,2.0
200402,3300.0,1.6999999999999997,1.0,30000.0,0.06015151515151515,10.0,10.0,10.0,10.0,0.08333333333333333,0.16666666666666666,0.25,0.3333333333333333,0.4166666666666667,0.5,0.5833333333333334,0.6666666666666666,0.75,0.8333333333333334,0.6105285271744351,0.024691358024691343,1.0255936477007435,1.317901234567901,1.345679012345679,0.4290123456790122,1.7953940066202445,0.6172839506172839,25.0,0.0,0.0,0.0,0.0,0.0,1.0,0.0,0.0,0.0,0.0,0.0,10.0,-0.5,0.20664395456598844,0.5830277220429634,0.41209146771241223,0.5830277220429634,0.41209146771241223,0.10149752855819605,0.18839803386232268,0.381150044881313,0.05494285715824291,0.381150044881313,0.18839803386232268,0.10149752855819605,-32.764069880117475,6.109551236979972,-31.37334427940046,-63.46488374102267,-136.0923832910701,25.394639134579062,257.6998362355705,-21.817626785703354,102.68031503281549,259.75675511523406,42.1093278572397,-88.5938964627327,25.0,0.03089850783212229,50.0,15.0,5.833333333333333,10.0,0.0,15.0,5.0,10.0,0.0,0.0,0.0,3.0,0.0,25.0,3.0,33.333333333333336,16.583123951777,111.53072702516076,-0.35355339059327373,0.34965034965034986,13.05765117410846,-2.5948962923042407,-632.8181660424996,0.9474596488619806,2.3842446377839583,2.0,50.0,0.0,0.9339814437092889,-0.00614177939617279,17.10549813175671,0.4107972369163989,7.0710678118654755,110.0,50.0,2.3136506784863093,7.305764380161455,16.220837812050515,24.48670880616039,29.353739668710233,31.67739024748055,32.52433754193029,32.56836865930922,32.1873863251927,8.728815742348544,11.624701864454456,17.646233150005987,25.192047582351517,29.99468757529055,32.35598811215184,33.23914943789479,33.30414613601768,32.931226296453566,2.105408626214683,8.416605301534082,9.042096010274111,6.9479468233084845,5.919489271362006,6.1675967929880375,6.591882418743193,6.856276162268074,6.96186129713499,6.959728941635077,70.83924480181162,81.75950025901501,48.27396505952246,35.0403532337699,38.039250200876324,43.45291382253561,47.008522813285424,48.46751272054609,48.4378269410329,2.0
200403,3425.0,1.6750000000000003,1.0,31136.363636363636,0.05583941605839416,2.0,9.0,10.0,20.0,0.08333333333333333,0.16666666666666666,0.25,0.3333333333333333,0.4166666666666667,0.5,0.5833333333333334,0.6666666666666666,0.75,0.8333333333333334,0.6219239275348398,0.031249999999999924,1.1636422277150362,1.0115955075445815,1.172153635116598,0.365162037037037,1.8829541371683658,0.8045696159122084,16.666666666666668,0.0,0.0,0.0,0.0,0.0,1.0,0.0,0.0,0.0,0.0,0.0,10.0,-0.175259504132232,0.16838757093250495,0.5081864257749413,0.4714142511338203,0.5081864257749412,0.4714142511338204,0.0015482280818709022,0.3290502520353731,0.29254863375750123,0.0009621388197520823,0.29254863375750123,0.3290502520353731,0.0015482280818708838,-47.59487344046471,-35.41711165371749,2.113309409514138,-55.719084729867745,-82.63240127110599,124.4991730891307,179.67134636617556,87.15635778059625,206.93007337763476,90.26672282069798,70.16250557877355,-118.00898494875702,25.0,0.04431067074548868,50.0,15.416666666666666,5.486111111111112,9.545454545454545,-0.45454545454545453,15.0,5.0,10.0,0.0,0.0,0.0,4.0,0.0,25.0,3.0,41.666666666666664,16.89427911059441,106.57987091763266,-0.5284671566781163,0.12237762237762266,13.039660190797974,-2.7067815539044884,-640.455096655932,0.8711791078771663,2.439265843378856,2.0,50.0,0.0,0.9815777511224931,-0.006151031901875324,17.510138975481148,0.41730869988000985,6.909634979907084,105.0,47.743055555555564,2.306201903527533,6.9098001241607525,15.977220881201665,24.750595763532473,29.990084127803126,32.533993936646425,33.50192188820851,33.60802886062016,33.25468132606907,8.480748466592818,9.864196090591712,17.20382977020643,25.577463356893304,30.71731425697822,33.23435029826174,34.19006658508828,34.28483982523726,33.91857281624497,2.089127174540523,8.161159680693817,7.039675188372889,6.379668618003167,6.450941103701701,6.644414885394214,6.786845974222775,6.825092152428856,6.7786899874458255,6.678005075807079,66.60452733378241,49.55702675779287,40.70017167553445,41.61464112342812,44.1482491692482,46.06127827782388,46.58188288914596,45.950637945898286,44.595751792505105,2.0
200404,3125.0,1.6,1.0,28409.090909090908,0.05504,2.0,9.0,10.0,20.0,0.08333333333333333,0.16666666666666666,0.25,0.3333333333333333,0.4166666666666667,0.5,0.5833333333333334,0.6666666666666666,0.75,0.8333333333333334,0.6105285271744351,0.009645061728395106,1.7129471013242625,0.4670996227709189,0.7575445816186559,0.2733410493827162,2.2683200454521426,0.7356395747599451,8.333333333333334,0.0,0.0,0.0,0.0,0.0,1.0,0.0,0.0,0.0,0.0,0.0,10.0,-0.35805619834710667,0.131792658913445,0.25862450580629387,0.48924079248695446,0.25862450580629387,0.48924079248695446,0.33098877532690374,0.45986514819359475,0.24555888305960338,0.20163638015768984,0.2455588830596034,0.45986514819359475,0.33098877532690374,-58.6151265354996,-6.808775241778414,-56.797398523302505,17.730918106814894,69.87631063824034,137.2251096711307,141.42699524582108,53.139539536378486,-9.744763180037857,66.77291275671362,-111.36888763329759,8.10757967654354,25.0,0.052841772666021546,50.0,14.583333333333334,5.486111111111111,10.0,-0.9090909090909091,15.0,5.0,10.0,-5.0,0.0,0.0,4.0,0.0,25.0,4.0,50.0,16.137430609197573,110.67889043122543,-0.22936790285697536,0.12237762237762248,14.444009721514151,-2.4330005011588534,-577.0914796923046,0.8661271836144212,2.1133873296014776,1.0,50.0,0.0,0.8507303406360441,-0.005428795000364149,18.582825796988,0.35370079931944765,6.909634979907082,110.0,47.74305555555555,2.091891445531514,5.924519674772005,15.145017167965639,23.920347219376122,29.11264910806233,31.625093261630866,32.58248317582947,32.692655219526834,32.35206874862691,6.984871275504775,7.485777501127588,16.72613880668615,25.227369888616586,30.204878482305045,32.58103709703057,33.44696311883252,33.49075969573619,33.09888120434847,2.0692918649013365,6.6642641690950235,4.575689174280462,7.098744562425,8.014810066468453,8.04912082414296,7.834376459631755,7.555205620585883,7.26782496312977,6.991393613843439,44.41241691548378,20.93693141962741,50.3921743625585,64.23718040156405,64.78834604165185,61.37745451123218,57.081131969332525,52.82127969469224,48.879584663690814,2.0
200405,3125.0,1.6,1.0,28409.090909090908,0.0604,2.0,9.0,10.0,20.0,0.08333333333333333,0.16666666666666666,0.25,0.3333333333333333,0.4166666666666667,0.5,0.5833333333333334,0.6666666666666666,0.75,0.8333333333333334,0.6105285271744351,0.04668209876543208,0.8193679759854066,0.33438357338820296,0.8316186556927302,0.3381558641975308,1.8594300349885289,1.0566272290809329,8.333333333333334,0.0,0.0,0.0,0.0,0.0,1.0,0.0,0.0,0.0,0.0,0.0,10.0,-0.358056198347108,0.17216847187868173,0.39059856949838423,0.571072030399682,0.3905985694983843,0.571072030399682,0.251035706746937,0.4104035189735276,0.2457526160097499,0.029255979280132682,0.24575261600974996,0.4104035189735276,0.2510357067469369,-53.150574759762364,110.87866057741107,57.30975510961357,3.309487271061686,-9.302700920695935,35.339970402281374,-6.1188258154269315,-245.96814375054194,17.511231463115042,199.57662837613103,157.7815962280775,-46.87893148371786,25.0,0.049785727640234485,50.0,14.583333333333334,5.486111111111111,10.0,0.9090909090909091,15.0,5.0,10.0,5.0,0.0,0.0,5.0,0.0,25.0,4.0,50.0,16.137430609197573,110.67889043122544,-0.22936790285697534,0.5769230769230765,14.444009721514155,-2.4330005011588534,-577.0914796923046,0.8661271836144212,2.1133873296014767,1.0,50.0,0.0,0.8507303406360436,-0.005428795000364147,18.582825796988,0.35370079931944787,6.909634979907084,110.0,47.743055555555564,1.282903101050031,5.273669514389458,14.882628599919919,23.876944506630835,29.199782136428137,31.788440739466946,32.78958060245337,32.92437359090378,32.59705088343858,4.662385053403459,8.071174355852872,17.051125222650796,25.50950796891449,30.52012711345089,32.91756982771962,33.79141167520222,33.835082793260874,33.43874661689348,2.061139083395293,4.482409398918866,6.110013529901246,8.32155257841731,8.979227018144908,8.87980192382309,8.547598418046777,8.167184760871214,7.797336165217949,7.455336948208386,20.09199401951619,37.33226533557629,69.24823731536377,80.6265178433835,78.85088220633223,73.06143871619575,66.70290691820699,60.79845127341576,55.58204901132114,2.0
200406,3050.0,1.6750000000000003,1.0,27727.272727272728,0.052868852459016395,2.0,9.0,5.0,20.0,0.08333333333333333,0.16666666666666666,0.25,0.3333333333333333,0.4166666666666667,0.5,0.5833333333333334,0.6666666666666666,0.75,0.8333333333333334,0.68596196376742,0.2608024691358026,0.759786351862401,0.054612482853223614,0.24417009602194786,0.472993827160494,0.3154879965600958,2.679183813443074,8.333333333333334,0.0,0.0,0.0,0.0,0.0,1.0,0.0,0.0,0.0,0.0,0.0,10.0,-0.7235621521335811,0.11642958576904168,0.49712130576072056,0.5154246635642785,0.49712130576072056,0.5154246635642785,0.13941516082324243,0.4019454464354292,0.0992881848795153,0.017550517035790025,0.0992881848795153,0.4019454464354292,0.1394151608232424,-36.43974584998784,83.76422941176497,-47.895846028298095,86.89910728176093,-12.489074504368029,77.64911493567759,-36.303146162607106,-6.790292645195838,-8.042597732656791,178.1215790874646,50.563227311201366,-293.10101706418243,25.0,0.04389610389610388,50.0,14.166666666666666,5.972222222222222,10.454545454545455,0.45454545454545453,15.0,5.0,10.0,5.0,0.0,0.0,4.0,0.0,25.0,5.0,50.0,15.94260539142416,115.66231118847746,-0.18944095827056673,-1.9790852139488835e-16,14.893283838576254,-2.1649515141834854,-568.1843274155392,0.8539221450066836,2.0947734311142425,1.0,50.0,0.0,0.8289532384314484,-0.0051977397401607815,18.6807753298118,0.30680441827207794,7.312470322826769,115.0,53.47222222222223,1.4852003721149003,6.068318185728185,15.572558393457122,24.245586260990795,29.29368738352419,31.697203600453335,32.581104048172946,32.64284995385878,32.27035858766863,5.591648947304244,9.114464590231618,17.472527662797248,25.63342870301254,30.448586509339577,32.71804477737654,33.511491461925175,33.5059617333937,33.08030497762351,2.073244642459128,5.390799366008572,6.800660200550134,7.923676420045383,8.320109009699417,8.306401139668818,8.1091144994891,7.841665575935548,7.556045167248866,7.275337382957865,29.060717804558422,46.2489791633466,62.784648009583215,69.2242139332814,68.99629989309143,65.75773796582438,61.49171900481259,57.09381856950495,52.93053403586419,1.0
200407,3450.0,1.725,1.0,31363.636363636364,0.050652173913043476,2.0,9.0,10.0,20.0,0.08333333333333333,0.16666666666666666,0.25,0.3333333333333333,0.4166666666666667,0.5,0.5833333333333334,0.6666666666666666,0.75,0.8333333333333334,0.6219239275348398,0.0015432098765432187,0.7198791867729256,8.573388203017736e-05,0.11659807956104246,0.8711419753086419,0.11876964724627848,3.2182784636488337,8.333333333333334,0.0,0.0,0.0,0.0,0.0,0.0,0.0,0.0,0.0,0.0,0.0,10.0,-1.0145959416162327,0.18536244050997397,0.4108767191079683,0.7481078994155459,0.4108767191079683,0.7481078994155459,0.16609116586316344,0.3125391535887174,0.039312118038423174,0.3658777025014718,0.039312118038423195,0.3125391535887174,0.16609116586316341,-44.424111022876254,70.33623143678132,319.2985368200538,87.55076527821473,-7.02736697978346,30.846682107778275,-114.84616739997568,23.77042339598485,-109.49797138269365,103.95791348518658,-16.742646967717096,-48.49636313416064,25.0,0.06377358490566042,50.0,15.833333333333334,5.138888888888889,10.454545454545455,0.45454545454545453,15.0,5.0,10.0,5.0,0.0,5.0,5.0,0.0,20.0,5.0,41.666666666666664,16.95582495781317,115.66231118847747,-0.041467340059981886,-0.4195804195804197,13.993998075708774,-3.8344058044113796,-549.0672538673107,0.4207192505950857,2.1027423438126114,1.0,50.0,0.0,0.964292580927347,-0.005660229561064059,20.595265422910554,0.6704302056969206,6.066758241067098,115.0,36.80555555555555,1.7453036813199325,6.713532483838944,16.473792265310315,25.685173672812624,31.155438032698488,33.80658361418732,34.81476458681602,34.92567311117392,34.55855634164215,4.156685390672126,8.750093656514013,17.53317611632148,26.41473883956867,31.810230554896147,34.44119646098465,35.4380085420665,35.53710308153073,35.156634075950414,2.0499549981887273,3.7725254799667263,5.6118286312222745,6.002202356247917,6.16524787499021,6.4210161926546565,6.581103099109068,6.616994498422906,6.563768213363708,6.457174547108288,14.231948496998177,31.492620586206062,36.02643312534804,38.010281360071296,41.2294489463333,43.310918001102976,43.784616192159,43.083053158763796,41.695103131823124,0.0
200408,3250.0,1.6749999999999998,1.0,29545.454545454544,0.04469230769230769,2.0,9.0,5.0,20.0,0.08333333333333333,0.16666666666666666,0.25,0.3333333333333333,0.4166666666666667,0.5,0.5833333333333334,0.6666666666666666,0.75,0.8333333333333334,0.6394714728255649,0.00617283950617284,0.6080087815551148,0.23456790123456808,0.012345679012345715,0.9753086419753088,0.009275169062169322,3.858024691358025,0.0,0.0,0.0,0.0,0.0,0.0,0.0,0.0,0.0,0.0,0.0,0.0,10.0,-1.2644628099173556,0.08025934433714466,0.3566784719438232,0.6798263839543761,0.3566784719438232,0.6798263839543761,0.16222875260684377,0.3722467385696595,0.12703155464503946,0.4920830533240009,0.12703155464503949,0.3722467385696595,0.16222875260684377,-33.26263520158456,72.16108299955232,-157.18721535681087,-143.7511212417245,-1.8513252354938967,58.851084743717955,-130.86553505098826,153.3562925351378,-48.25612616583625,206.69569998518756,-22.090112262626217,85.45033209732772,25.0,0.05121212121212122,50.0,15.0,5.833333333333333,11.363636363636363,-1.3636363636363635,15.0,5.0,15.0,-5.0,0.0,5.0,5.0,0.0,20.0,5.0,41.666666666666664,16.457014715109583,125.59658805325759,0.0,-0.8741258741258735,15.531479106094736,-3.0824987353955096,-505.40699982946603,0.33745892730954674,1.861595579855005,1.0,50.0,0.0,0.8229493617079296,-0.004869525031151275,21.08000469582964,0.6878795267044993,6.7700320038633,125.0,45.833333333333336,2.3674980324997965,6.968825925243325,16.272441130846108,24.888159815054802,29.935885276762846,32.341855743715804,33.22146683793381,33.273242652082466,32.887377954592345,4.704850870939324,9.07685801034254,17.22599965866875,25.561244090619297,30.593539965940522,33.015855977038036,33.90484545919042,33.956415110252664,33.56356596148122,2.059357649159168,4.065780956211009,5.815910639235791,5.651789440841179,5.827237808817421,6.30931536254875,6.637101245965385,6.772937822514622,6.777127013376368,6.703232900809458,16.530574783888106,33.824816563576064,31.942723883603847,33.956700480511266,39.80746034409366,44.051112949195264,45.87268674764912,45.929450555435686,44.93333132249438,0.0
200409,3475.0,1.65,1.0,31590.909090909092,0.053381294964028776,2.0,9.0,5.0,20.0,0.08333333333333333,0.16666666666666666,0.25,0.3333333333333333,0.4166666666666667,0.5,0.5833333333333334,0.6666666666666666,0.75,0.8333333333333334,0.6394714728255649,0.0189043209876542,0.6475517827505507,0.09724365569272975,0.2554869684499316,0.5001929012345676,0.09811865620692538,4.810742455418382,0.0,0.0,0.0,0.0,0.0,0.0,0.0,0.0,0.0,0.0,0.0,0.0,11.25,-1.3820650775718395,0.033684375698306325,0.2738467252053246,0.6122562858643622,0.2738467252053246,0.6122562858643622,0.11742206893430002,0.43625309740795626,0.0004914326214785769,0.33474452764937196,0.0004914326214785861,0.43625309740795626,0.11742206893429999,-43.474082066016464,52.267377655886854,453.60870366484016,39.7770291183945,-34.560194904876916,-26.94942014906788,-107.30489472463027,174.17924778140963,-162.69868558324205,69.80079117011998,-101.26675218166109,103.71438789797033,25.0,0.04805660501316225,50.0,15.416666666666666,6.319444444444444,12.727272727272727,0.9090909090909091,15.0,5.0,15.0,5.0,0.0,5.0,5.0,0.0,20.0,5.0,41.666666666666664,17.017148213885115,140.5225529341656,0.021275800172671316,-0.26223776223776135,16.06889605224909,-2.9153698890287525,-509.7592887730101,0.3362608151707409,1.7661119164480186,1.0,50.0,0.0,0.7674805963752307,-0.0045931391731290384,21.277432475831727,0.654998533666738,7.20484019407941,140.0,51.90972222222223,1.819762327610172,6.617428533814359,15.884745569008402,24.565508141337315,29.693284092552386,32.16244519464289,33.08730193519305,33.17098759274689,32.80785912046655,5.484707670095353,9.332106557543996,16.794786685438076,24.960713906871284,30.059747139036123,32.580469075971614,33.553070725306796,33.668725194759276,33.32400699286403,2.0620954803915916,5.174020032567868,6.580110363908436,5.453413428049995,4.4241438153124975,4.679452731010953,5.202315283788076,5.571266081135489,5.767897221869536,5.8424157667928664,26.7704832974136,43.297852401215216,29.739718017236,19.57304849856782,21.89727786176586,27.064084311935016,31.039005746810787,33.26863836205031,34.133821992069876,0.0
200410,3275.0,1.5999999999999999,1.0,29772.727272727272,0.04755725190839695,2.0,9.0,5.0,20.0,0.08333333333333333,0.16666666666666666,0.25,0.3333333333333333,0.4166666666666667,0.5,0.5833333333333334,0.6666666666666666,0.75,0.8333333333333334,0.6219239275348398,0.0466820987654323,0.10267350523939658,0.09544324417009613,0.8511659807956106,0.24324845679012325,0.37293520532301777,4.984610768175584,0.0,0.0,0.0,0.0,0.0,0.0,0.0,0.0,0.0,0.0,0.0,0.0,12.5,-1.5380079562158981,0.11860736655467592,0.2257986132234994,0.7541017328726071,0.22579861322349948,0.7541017328726071,0.042755289427457446,0.45242361563456734,0.022260823072912835,0.2814972191717785,0.022260823072912828,0.45242361563456734,0.04275528942745744,-43.36382403683597,72.7911641537381,-193.53486594900988,-207.02287542155705,-59.76431353769045,44.73614463246063,41.12023345062467,72.89188921726698,-65.55956279453873,258.3339545927965,-4.5608936815016765,260.2633329230355,25.0,0.04847262247838617,50.0,14.583333333333334,7.083333333333333,13.636363636363637,-1.8181818181818181,12.5,7.5,15.0,-5.0,0.0,5.0,5.0,0.0,20.0,5.0,25.0,16.520189667999176,150.4976617075455,0.1389255498937539,-0.6818181818181819,18.11347235472702,-2.804290393528026,-416.380883895025,0.23311551611645115,1.4315546339340564,1.0,50.0,0.0,0.5596799290792546,-0.0035416427889975307,22.392058428957935,0.7280138040291457,7.761640004248816,150.0,60.243055555555564,2.7530580062451597,6.909658817665115,15.560351185110028,23.71138196754643,28.518203723418566,30.819025366164812,31.665544296066745,31.721317754960307,31.358215677905648,5.577843240330727,9.133422649067429,16.23427002641491,24.046520690735438,28.8856208569262,31.258449453887025,32.15914206557371,32.248265360117685,31.90310831616298,2.073249746072415,4.851083057210278,5.972941010085453,4.628930144925343,4.00069025532866,4.592510063101143,5.222866812479516,5.6128177262037715,5.805912385267804,5.871169366555511,23.53300682795262,35.67602430996063,21.426994286598557,16.0055225190817,21.091148679685265,27.278337740899943,31.50372282758728,33.70861862540608,34.47062973077984,0.0
200411,2875.0,1.525,1.0,26136.363636363636,0.05356521739130435,2.0,9.0,5.0,20.0,0.08333333333333333,0.16666666666666666,0.25,0.3333333333333333,0.4166666666666667,0.5,0.5833333333333334,0.6666666666666666,0.75,0.8333333333333334,0.6394714728255649,0.0003858024691358025,0.0836252424839184,0.09278549382716046,0.7561728395061729,0.13908179012345673,0.6983963624543531,4.583719135802469,0.0,0.0,0.0,0.0,0.0,0.0,0.0,0.0,0.0,0.0,0.0,0.0,11.25,-1.2607078329259223,0.09455697455498524,0.2855995632684107,0.5774309333907626,0.28559956326841074,0.5774309333907626,0.008789538769761443,0.5567457295447207,0.009918600131946764,0.18149643335140345,0.009918600131946748,0.5567457295447207,0.008789538769761466,-49.440611935271384,39.912379063419465,213.10350284658938,11.633203960071482,-70.71215637698316,122.06113189048281,-44.866684533494855,19.19051231355958,17.851714618861635,224.68299715400704,-51.72124305678152,-54.164035935231624,25.0,0.07037800687285226,50.0,13.75,6.25,13.181818181818182,0.45454545454545453,12.5,7.5,15.0,5.0,0.0,5.0,5.0,0.0,20.0,5.0,16.666666666666664,15.478479684172259,145.51424095029347,0.27195326988891455,-0.19230769230769135,17.93277330622896,-2.762413081019809,-402.6395922046589,0.3040354992449735,1.5036091418066635,1.0,50.0,0.0,0.5647558994852279,-0.003634573728225104,21.807890194937702,0.8029745827210399,7.107800878846659,145.0,50.520833333333336,1.6725324321373958,6.326095402190177,14.566515762797076,22.35573095687397,26.979848348184372,29.211474051491976,30.048058183113735,30.123285374502327,29.793606880535453,5.661760786973462,8.120368711164657,15.135323714197417,22.73061561007796,27.392666057886068,29.674585168891426,30.543985381224466,30.636209446863433,30.312763907422802,2.06920665745806,5.409082220890983,5.091257699984385,4.110309290762795,4.111226021150706,4.737714308380861,5.2221440697094765,5.481718926820803,5.582562809174518,5.586111774326098,29.258170472358927,25.92090496765029,16.89464246573095,16.90217939698667,22.44593686783674,27.270788684801854,30.04924239266542,31.165007518378484,31.20464475526467,0.0
200412,2800.0,1.45,1.0,25454.545454545456,0.04607142857142857,2.0,9.0,5.0,20.0,0.08333333333333333,0.16666666666666666,0.25,0.3333333333333333,0.4166666666666667,0.5,0.5833333333333334,0.6666666666666666,0.75,0.8333333333333334,0.6280760724651602,0.07561728395061754,0.11836389520297254,0.1670096021947875,0.14026063100137173,0.02160493827160489,1.1210051034252853,4.2265089163237315,0.0,0.0,0.0,0.0,0.0,0.0,0.0,0.0,0.0,0.0,0.0,0.0,15.0,-1.3650000000000004,0.09398962616841706,0.19721858517978458,0.600115222137542,0.19721858517978458,0.6001152221375419,0.0769588978222103,0.5386820007224228,0.004459687407152177,0.23793051197092818,0.004459687407152172,0.5386820007224228,0.0769588978222103,-52.085143750379075,48.90699874436144,-89.16005590644251,-136.63045328915712,-16.438038634329118,126.88688839760697,-53.26824502018984,101.70076830042677,66.12341112735285,265.22491436392016,-70.81691184809227,21.656478425674475,25.0,0.07539470958122162,50.0,13.333333333333334,6.666666666666667,12.727272727272727,-1.8181818181818181,12.5,7.5,15.0,-5.0,0.0,5.0,5.0,0.0,20.0,5.0,8.333333333333329,15.275252316519467,140.53082019304145,0.27950849718747334,-0.6993006993006984,18.83381474356077,-2.6078238434509995,-368.6602540378444,0.2737185521978057,1.4138824275966406,1.0,50.0,0.0,0.4834380275796343,-0.0031711809890258907,22.075724629375554,0.836681355020378,7.4535599249993,140.0,55.555555555555564,2.265492474503759,6.184783677042912,14.362963440701739,21.951171672120605,26.391862846361914,28.505235366723753,29.275285868357738,29.317357460746578,28.974887259200425,5.038011113523611,7.468603285436946,14.746080427416102,22.282490168879153,26.807886103817246,28.98919750952487,29.799590301032524,29.862029519422887,29.5272311800998,2.064456464082454,4.499899979772245,4.186703464949854,3.3394863636328163,3.82824115584247,4.7045013395746595,5.274952979309341,5.565358877496184,5.677442957678297,5.6844779425803935,20.249099827954247,17.528485903423114,11.15216917288953,14.65543034728609,22.13233285405977,27.825128933924493,30.97321943532559,32.23335853769088,32.31328947968302,0.0
200501,2800.0,1.425,1.0,25454.545454545456,0.06285714285714286,2.0,9.0,5.0,20.0,0.08333333333333333,0.16666666666666666,0.25,0.3333333333333333,0.4166666666666667,0.5,0.5833333333333334,0.6666666666666666,0.75,0.8333333333333334,0.6280760724651602,0.0,0.04457467455133894,0.2781207133058986,0.6268861454046641,0.08333333333333344,0.7050823899205402,5.311385459533609,0.0,0.0,0.0,0.0,0.0,0.0,0.0,0.0,0.0,0.0,0.0,0.0,15.0,-1.3650000000000004,0.09710833448346282,0.2482405077992471,0.577962121742896,0.2482405077992471,0.5779621217428959,0.041809480286868664,0.5578070725393163,0.034761522377964774,0.2778872574524256,0.03476152237796476,0.5578070725393163,0.041809480286868664,-41.22518400029478,64.97730531381337,404.1942567924872,78.29029949730523,-192.86408218111652,160.28767061475807,-37.95367490353423,-4.0997328812052105,-32.336724744556186,-72.15771845576249,16.982253816319286,99.0693036796337,25.0,0.08432772228311385,50.0,13.333333333333334,6.666666666666667,13.181818181818182,1.3636363636363635,12.5,7.5,15.0,5.0,0.0,5.0,5.0,0.0,20.0,5.0,25.0,15.275252316519467,145.52250820916933,0.2795084971874734,0.27972027972027996,18.83381474356077,-2.607823843450999,-368.6602540378444,0.27371855219780583,1.4138824275966406,1.0,50.0,0.0,0.4834380275796343,-0.0031711809890258907,22.075724629375554,0.836681355020378,7.4535599249993,145.0,55.555555555555564,1.3029486475046352,5.263162672146604,13.47502515232942,21.184344100426554,25.758212643806846,27.97830380870148,28.82767482665206,28.92836204095157,28.62990670970991,4.74537748915469,6.235786920068167,13.965910032043602,21.65000004329812,26.251403133381658,28.496380473883917,29.359045968691756,29.463344717397288,29.162034598917792,2.0592323135308024,4.562995982525287,3.344272297378888,3.670196202824263,4.466101981541769,5.064646865058761,5.409086438609883,5.5604625959147205,5.589145870686753,5.5455120360329575,20.820932336541908,11.184157199015866,13.470340167225638,19.94606690953131,25.650647867749537,29.258216100353348,30.918744280566674,31.23855156381478,30.752703741786394,0.0
200502,2725.0,1.45,1.0,24772.727272727272,0.05568807339449541,2.0,9.0,5.0,20.0,0.08333333333333333,0.16666666666666666,0.25,0.3333333333333333,0.4166666666666667,0.5,0.5833333333333334,0.6666666666666666,0.75,0.8333333333333334,0.5906595845169363,0.0003858024691358025,0.007272812420983584,0.06406464334705067,0.9910836762688614,0.34972993827160503,0.3808873384706486,6.353952331961592,0.0,0.0,0.0,0.0,0.0,0.0,0.0,0.0,0.0,0.0,0.0,0.0,15.0,-1.4519014359391735,0.24826651195511468,0.3375283403932855,0.6586802454043215,0.3375283403932855,0.6586802454043214,0.04990743363467568,0.5905514215540945,0.10229782657506643,0.29989923545433333,0.10229782657506643,0.5905514215540945,0.04990743363467569,-44.163922689439254,38.45609661413523,-118.54559301174761,-214.97490043966528,-66.15230630261719,264.96714381181135,-97.53884239431693,132.61730231270136,-78.1648076738968,85.20671196190999,202.37851634394917,60.013967949995,25.0,0.08205807827924838,50.0,12.916666666666666,7.083333333333333,14.545454545454545,-0.9090909090909091,12.5,7.5,15.0,-5.0,0.0,5.0,5.0,0.0,20.0,5.0,25.0,15.069284433354271,160.44847309007733,0.31219572348061936,-0.1923076923076922,19.62858020645446,-2.5599222721663035,-333.1749745196097,0.22532743010676148,1.3352260781759673,1.0,50.0,0.0,0.41048028293999433,-0.0027624444652519908,22.416185069285774,0.8760463858474135,7.761640004248815,160.0,60.24305555555555,2.256036062739488,5.835437358255031,13.726475878901773,21.16122520464375,25.53233964696649,27.623959465159214,28.3970653353464,28.454380464952035,28.13274110179535,5.77611848706052,6.6320419222176294,14.095494013173527,21.56031142958774,25.990573445544527,28.125558940233702,28.922855376014425,28.990381174918962,28.670000088172824,2.071744495660216,5.317315681824922,3.1514521884257847,3.204186545964289,4.1291133163382225,4.8589649288904155,5.288093150446602,5.489830911960233,5.548912778450571,5.524290285202643,28.273846060181228,9.931650895933666,10.26681142133856,17.049576779161637,23.609540180187043,27.96392916780027,30.138243441914124,30.790433022852042,30.5177831551843,0.0
200503,2725.0,1.4249999999999998,1.0,24772.727272727272,0.05559633027522936,2.0,9.0,5.0,20.0,0.08333333333333333,0.16666666666666666,0.25,0.3333333333333333,0.4166666666666667,0.5,0.5833333333333334,0.6666666666666666,0.75,0.8333333333333334,0.5906595845169363,0.00038580246913581123,0.012013239534755927,0.05892061042524007,0.818244170096022,0.5997299382716049,0.40701110888774056,6.288108710562413,0.0,0.0,0.0,0.0,0.0,0.0,0.0,0.0,0.0,0.0,0.0,0.0,15.0,-1.4519014359391742,0.19705394490073816,0.26542813826525935,0.6497439881031215,0.26542813826525935,0.6497439881031215,0.030662020978971832,0.5154393940768909,0.008663598158159947,0.21939503867364324,0.008663598158159942,0.5154393940768909,0.030662020978971836,-61.817296450933526,51.88997415788675,218.04282363624105,-13.966623383827022,-27.422838197387662,188.5630672666995,-95.16685316879654,-12.207151143748279,-113.8200289624059,239.45072376374702,125.63209630756889,-116.8334475059031,25.0,0.08205807827924837,50.0,12.916666666666666,7.083333333333333,15.0,0.45454545454545453,12.5,7.5,15.0,10.0,0.0,5.0,5.0,0.0,20.0,5.0,25.0,15.069284433354271,165.39932919760545,0.31219572348061925,-0.017482517482517532,19.62858020645446,-2.5599222721663035,-333.1749745196097,0.22532743010676148,1.3352260781759673,1.0,50.0,0.0,0.41048028293999433,-0.0027624444652519908,22.416185069285774,0.8760463858474135,7.761640004248816,165.0,60.243055555555564,1.5708166668277492,5.688553780635875,13.416171526698792,20.854862785446407,25.308276122555895,27.478742733313748,28.311445917074128,28.41120147898643,28.119432434343807,5.225049363321807,6.84175845878065,13.978216351538094,21.338409395879403,25.795843226520198,27.97665400273983,28.81332385743512,28.910796833700047,28.612530472496935,2.0670615672558577,4.983339828705823,3.8013174943840027,3.923885056497395,4.516903114563893,4.991661794600563,5.254699514280095,5.354405830531185,5.3514300967049815,5.289084950153439,24.833675848365786,14.450014693109873,15.396873936603564,20.402413746356995,24.91668747167491,27.611866985375467,28.66966179802635,28.637804079919892,27.974419609939613,0.0
200504,2850.0,1.4249999999999998,1.0,25909.090909090908,0.05263157894736842,2.0,9.0,5.0,20.0,0.08333333333333333,0.16666666666666666,0.25,0.3333333333333333,0.4166666666666667,0.5,0.5833333333333334,0.6666666666666666,0.75,0.8333333333333334,0.5266215482843563,0.02469135802469143,0.0023989078601278613,0.14643347050754452,0.4622770919067216,1.021604938271605,0.862484494060311,5.072702331961589,0.0,0.0,0.0,0.0,0.0,0.0,0.0,0.0,0.0,0.0,0.0,0.0,15.0,-1.47809626825311,0.218766831732008,0.12166666897736886,0.6319044764298251,0.12166666897736884,0.631904476429825,0.2635611984536651,0.46890762811245235,0.0478442456766636,0.23294649452960703,0.04784424567666363,0.46890762811245235,0.2635611984536651,-62.12947882563207,67.29350299351874,193.90924700746336,-60.73412005885298,-0.34615149998094824,183.97005739192207,-214.24269515024417,-14.20778195632189,20.254086527501602,304.69439825297707,-34.425966782209244,-51.866264918014835,25.0,0.0773041108487844,50.0,13.333333333333334,6.9444444444444455,14.090909090909092,-0.45454545454545453,15.0,10.0,15.0,0.0,0.0,5.0,5.0,0.0,20.0,4.0,25.0,15.411035007422441,156.34945357648454,0.16049529034930346,-0.06993006993006928,19.276092577608566,-2.430003924478691,-363.33803580160924,0.3340726249061473,1.3799680825720921,1.0,50.0,0.0,0.4280581781434613,-0.00294372381722988,21.9378196566053,0.7905926732284341,7.728015412913087,155.0,59.72222222222223,1.9426594490734974,5.749983624357636,13.862911163574177,21.424581668502313,25.868344752245264,27.997067300283586,28.786423726116684,28.848300855340216,28.52477978361854,5.260458021378598,7.074984036707434,14.257801948765184,21.703936426702477,26.217872707580455,28.41620315016328,29.25149977264725,29.339593520558847,29.02889247829819,2.0714781016326387,4.888608478863069,4.122267269268702,3.3323580961629453,3.471045482850544,4.2668008026948,4.8625943748930185,5.195387185730088,5.34670793212006,5.386421521999931,23.89849285961189,16.993087439284043,11.104610481062728,12.048156744017168,18.205589089876995,23.64482405474122,26.99204800964841,28.587285711395566,29.013536812664054,0.0
200505,2850.0,1.4749999999999999,1.0,25909.090909090908,0.05947368421052632,2.0,9.0,5.0,20.0,0.08333333333333333,0.16666666666666666,0.25,0.3333333333333333,0.4166666666666667,0.5,0.5833333333333334,0.6666666666666666,0.75,0.8333333333333334,0.5266215482843563,0.02469135802469136,0.24203167375944135,0.0054869684499314324,0.7956104252400552,0.6419753086419752,0.8882838269264294,4.611796982167355,0.0,0.0,0.0,0.0,0.0,0.0,0.0,0.0,0.0,0.0,0.0,0.0,15.0,-1.47809626825311,0.19329004723345583,0.2502207326822616,0.5390134074361436,0.25022073268226164,0.5390134074361437,0.03850324373953175,0.5854172353051176,0.08377110816452178,0.2580454364274947,0.08377110816452182,0.5854172353051176,0.03850324373953174,-57.659486888361265,45.02044430338139,180.40971604602547,24.886524748466066,-64.09298498155299,96.53238670053696,-143.54221498458563,167.9947074392921,-39.40112970168711,-67.95066405341124,238.78158109190545,121.44631886348145,25.0,0.06720930232558138,50.0,13.333333333333334,6.9444444444444455,13.181818181818182,1.3636363636363635,15.0,10.0,15.0,5.0,0.0,5.0,4.0,0.0,20.0,4.0,25.0,15.411035007422441,146.41517671170442,0.16049529034930343,0.48951048951048987,19.276092577608566,-2.4300039244786915,-363.33803580160924,0.33407262490614725,1.3799680825720921,1.0,50.0,0.0,0.4280581781434613,-0.00294372381722988,21.9378196566053,0.7905926732284341,7.728015412913087,145.0,59.72222222222223,1.6257789050247686,5.68198571766719,13.806462013975532,21.35827679895667,25.808497950471843,27.948319035830803,28.747849431671074,28.817827845779153,28.500502526941613,6.371189733871355,8.04515640342512,14.586420315333402,21.831592254753776,26.305803267629365,28.4995136844761,29.336528822491466,29.42651289036706,29.11678937637977,2.0835660467519976,6.160267979314229,5.695575463445135,4.7058755053891606,4.521330839141743,5.090846599114012,5.577969462363363,5.847484622197954,5.954196766817015,5.958924340873686,37.94890157696421,32.439579859798265,22.145264272221684,20.442432556974172,25.9167190957107,31.11374332305823,34.193076406841556,35.452459137974195,35.5087793002569,0.0
200506,2825.0,1.45,1.0,25681.81818181818,0.05,2.0,9.0,5.0,20.0,0.08333333333333333,0.16666666666666666,0.25,0.3333333333333333,0.4166666666666667,0.5,0.5833333333333334,0.6666666666666666,0.75,0.8333333333333334,0.6105285271744351,0.0034722222222222225,0.06673913977615024,0.2909164951989028,1.8223593964334706,0.21238425925925933,0.351256402061984,5.221236282578876,0.0,0.0,0.0,0.0,0.0,0.0,1.0,0.0,0.0,0.0,0.0,0.0,15.0,-1.3825861240185873,0.18456595961030867,0.23196476557812257,0.49017965809000785,0.23196476557812257,0.49017965809000796,0.03926760758605535,0.5853393872278299,0.10791857951102096,0.2963007355087192,0.10791857951102098,0.5853393872278299,0.03926760758605535,-43.610390050002934,32.656095689307534,-247.5070404188371,-158.57256847234882,-34.15075269648351,200.77882123540317,-134.53125380626565,124.44551026445406,96.86478889990963,180.30718581538957,153.4985647918626,-6.229243061937036,25.0,0.04950302008609893,50.0,12.916666666666666,7.4305555555555545,13.636363636363637,-1.8181818181818181,15.0,10.0,15.0,0.0,8.333333333333334,0.0,4.0,0.0,25.0,4.0,25.0,15.343293866268308,151.4068647278323,0.01859761326387051,-0.4020979020979019,20.197241419585275,-2.166645018655775,-336.1602540378445,0.347366972322307,1.3441500264393669,1.0,50.0,0.0,0.3508318866294129,-0.0024699901270704293,21.892572288730133,0.8106075913881101,8.281086214313246,150.0,68.5763888888889,2.3577435243187534,6.348597698980036,14.18744666493955,21.479060564282538,25.747146565968098,27.7731940775802,28.50438677529591,28.53408505871988,28.193618339928815,6.135103778750707,8.064234113044655,14.670822356060292,21.81034551165818,26.150952732282224,28.24903499500952,29.026138797129484,29.080686206202024,28.75114340682627,2.0845330768120904,5.663968913189248,4.972643068479628,3.734887646579745,3.7869682615240796,4.577856760168058,5.163106514331928,5.478746940182678,5.611800075316968,5.634548083237844,32.08054384957419,24.72717908649849,13.949385732573987,14.341128613790708,20.95677251661639,26.65766887833679,30.016668034561054,31.492300085327532,31.74813210231926,1.0
200507,2825.0,1.4249999999999996,1.0,25681.81818181818,0.05699115044247788,2.0,9.0,5.0,20.0,0.08333333333333333,0.16666666666666666,0.25,0.3333333333333333,0.4166666666666667,0.5,0.5833333333333334,0.6666666666666666,0.75,0.8333333333333334,0.6105285271744351,0.00964506172839515,0.012610693345358411,0.33206875857338813,1.7318244170096022,0.6691743827160497,0.07616674149689122,5.161565500685872,0.0,0.0,0.0,0.0,0.0,0.0,1.0,0.0,0.0,0.0,0.0,0.0,15.0,-1.3825861240185873,0.06202231997051947,0.07709029261691397,0.5483298778206347,0.07709029261691397,0.5483298778206348,0.16245470324364245,0.5107853170817269,0.04442374635241137,0.4008192006079183,0.0444237463524114,0.5107853170817269,0.16245470324364242,-61.13971348281279,-7.310065794633411,262.79802196153423,143.6159783116205,-11.141390404158356,169.35892985107773,-128.67267590233715,106.442069919437,89.8702453682311,84.98098306642322,-224.29773738448,118.01687682185585,25.0,0.0433728025281382,50.0,12.916666666666666,7.430555555555556,14.090909090909092,1.3636363636363635,15.0,10.0,20.0,5.0,8.333333333333334,0.0,4.0,0.0,25.0,4.0,25.0,15.343293866268308,156.39855274396018,0.0185976132638705,0.1923076923076923,20.197241419585275,-2.166645018655775,-336.1602540378445,0.347366972322307,1.3441500264393669,1.0,50.0,0.0,0.3508318866294129,-0.0024699901270704293,21.892572288730133,0.8106075913881101,8.281086214313246,155.0,68.5763888888889,1.1105027182855005,5.5889199379279475,13.437416680111644,20.88481068622284,25.3321288920986,27.496478605148937,28.32465911815963,28.421222097546377,28.127190133297812,6.785955780661286,6.583340399998946,14.018960204868993,21.44811979946558,25.90248765854874,28.070074670544052,28.894845607366523,28.982994768451743,28.677539350190013,2.0798950054955867,6.694473808281787,3.47912988399251,3.9958826547782693,4.883290441173817,5.405748116160525,5.645596188756816,5.711898853586698,5.678742838872202,5.591282356223016,44.81597956977085,12.104344749689739,15.96707819075783,23.846525532859573,29.22211269537306,31.872756326505485,32.62578851360503,32.24812023004231,31.262438387010807,2.0
200508,3025.0,1.45,1.0,27500.0,0.05214876033057851,2.0,9.0,5.0,20.0,0.08333333333333333,0.16666666666666666,0.25,0.3333333333333333,0.4166666666666667,0.5,0.5833333333333334,0.6666666666666666,0.75,0.8333333333333334,0.6105285271744351,0.08680555555555555,0.07005283624454757,0.1267361111111111,1.1512345679012346,1.691550925925926,0.15024037363199566,3.78125,25.0,0.0,0.0,0.0,0.0,0.0,1.0,0.0,0.0,0.0,0.0,0.0,15.0,-1.1445939485007859,0.11390943094420905,0.19194191704226185,0.4548607067382976,0.19194191704226182,0.4548607067382976,0.17462938674614398,0.5216745902635115,0.0271312835720059,0.4378805258814396,0.027131283572005872,0.5216745902635115,0.17462938674614398,-65.8761768335179,4.715206111164007,143.58380050754937,84.10375976693217,14.996179694445505,176.08469308702112,-127.52380455074689,124.51012880200801,108.91865745593692,53.384671377415685,-218.92524531382875,183.097979121342,25.0,0.04319559228650137,50.0,13.75,6.666666666666667,12.727272727272727,-0.9090909090909091,15.0,7.5,10.0,0.0,0.0,0.0,4.0,0.0,25.0,4.0,25.0,15.87713240271471,141.47258786305218,-0.21081309603768453,-0.08741258741258678,17.98625746219856,-2.3081212836446356,-430.3993864811364,0.4512021783967705,1.6136406522992273,1.0,50.0,0.0,0.5648663446240023,-0.003607067590869311,20.931667565283,0.790838071189119,7.938566201357355,140.0,63.020833333333336,2.310722347800752,5.685803445128439,14.017182785923515,21.866744875563942,26.48920826309637,28.711372717591946,29.544109618093007,29.621552638806957,29.298291003936146,7.914993381608422,6.204081286536788,14.238004702994324,22.15541251134325,26.860851731056123,29.14464914430532,30.015838047971712,30.114378849111585,29.800614768129837,2.0833487506901163,7.5701837799540455,2.48239074146709,2.497872028046681,3.564796220653143,4.452774563357985,5.006760471220264,5.300577383282924,5.425811712012117,5.448558048433785,57.307682462279324,6.162263793321529,6.23936466849804,12.707772094782932,19.827201312087894,25.06765041617376,28.096120596170447,29.439432734207866,29.686784807152577,2.0
200509,2425.0,1.4000000000000001,1.0,22045.454545454544,0.056288659793814436,5.0,5.0,5.0,5.0,0.08333333333333333,0.16666666666666666,0.25,0.3333333333333333,0.4166666666666667,0.5,0.5833333333333334,0.6666666666666666,0.75,0.8333333333333334,0.5815855815233052,0.06520061728395045,0.11853828259549765,0.020597565157750325,0.6464334705075444,3.088155864197531,0.7701362715883164,2.3673268175582987,33.333333333333336,0.0,0.0,0.0,0.0,0.0,1.0,0.0,0.0,0.0,0.0,0.0,11.25,-1.214676647911894,0.028372489768344833,0.18176200459032538,0.30277206745134166,0.18176200459032535,0.30277206745134166,0.4589343579566488,0.42902376532524183,0.16379774512035233,0.4066276077242169,0.16379774512035242,0.42902376532524183,0.4589343579566487,-61.229280890566166,31.222519682598023,-84.9583313428716,-99.39963174078422,108.80376060932569,176.31225738716597,-155.66054722927953,170.05146117326612,14.112880712775313,119.63967236199908,159.54577745800523,-227.77468137138916,25.0,0.04249154190425255,50.0,12.083333333333334,6.736111111111111,11.818181818181818,0.0,15.0,7.5,10.0,0.0,8.333333333333334,0.0,3.0,0.0,25.0,4.0,33.33333333333333,14.215601757693317,131.49747908967225,0.012058526899450568,0.08741258741258756,18.28372467226581,-1.9328117846434976,-395.28363192352197,0.6517950329222766,1.564922576382359,1.0,50.0,0.0,0.4761905737456461,-0.003454084454263296,20.185621176755443,0.558988977412973,7.488416981504762,130.0,56.076388888888886,1.616319725350371,5.354887521382238,13.093122638502196,20.27820347465379,24.494275435760713,26.513409388867775,27.262555468649722,27.322063499411673,27.016225827690175,6.610795486377793,6.439118838361437,13.98190643661006,21.101575012673948,25.267687450258148,27.24575789424187,27.959347255431062,27.98728113144107,27.653119885136892,2.0839760136978684,6.410158150011301,3.575951768115158,4.905491532482668,5.837031082326407,6.203748863471373,6.274587301961858,6.20307732247288,6.0657028664807875,5.900727193236402,41.09012750815631,12.787431047885924,24.06384717525916,34.07093185604458,38.486499961022346,39.37044580994098,38.47816826857731,36.79275126443324,34.81858140899955,2.0
200510,2800.0,1.4249999999999998,1.0,25454.545454545456,0.05589285714285714,2.0,9.0,5.0,20.0,0.08333333333333333,0.16666666666666666,0.25,0.3333333333333333,0.4166666666666667,0.5,0.5833333333333334,0.6666666666666666,0.75,0.8333333333333334,0.59298098188371,0.0015432098765432187,0.04680123076946693,0.004458161865569295,0.378943758573388,3.891975308641975,1.5341315538670213,1.4199245541838128,33.333333333333336,0.0,0.0,0.0,0.0,0.0,1.0,0.0,0.0,0.0,0.0,0.0,15.0,-1.0950000000000004,0.009304363024460999,0.020069275764089158,0.48914914600741366,0.020069275764089133,0.48914914600741377,0.5823727775005225,0.08059955872613019,0.01144141747167134,0.5367848432312912,0.011441417471671291,0.08059955872613019,0.5823727775005225,-71.55884407769892,25.820354397689158,360.4080805784404,140.9360986549056,80.79393399683106,73.19015451978805,-187.25468474679653,138.8144877569201,-59.049443686524185,-31.07703029123638,77.35810749921833,-12.053872198921663,25.0,0.03608253175473055,50.0,13.333333333333334,6.388888888888888,12.272727272727273,0.45454545454545453,15.0,5.0,10.0,0.0,0.0,0.0,4.0,0.0,25.0,3.0,25.0,15.275252316519467,136.48089984692427,-0.32422985673746985,0.06993006993007041,17.41755053739564,-2.6770957755759675,-414.51776234783415,0.5849186145337211,1.4719363724578651,1.0,50.0,0.0,0.46475770308210607,-0.00389954543791081,20.24093796701829,0.7005615206293865,7.4535599249993,135.0,55.555555555555564,1.4098778835857395,5.527523492138111,13.670853947735202,21.38702379854971,25.973755451440542,28.198865958703824,29.047551020358526,29.1444924859483,28.84084367892085,6.008744664674698,6.445343090933449,14.17097533109958,21.86122273717053,26.470410487890117,28.71441140233259,29.57155055832653,29.66863554788729,29.359760370508017,2.0712973529666447,5.840997928319478,3.3149557468697615,3.7315270566251715,4.528606033256825,5.103592768449092,5.416768485495967,5.5422362042167155,5.552161111663138,5.495567750624524,34.11725679863243,10.988931603704858,13.924294174325714,20.508272604450116,26.046659146165865,29.34138082546227,30.71638214333051,30.82649300986445,30.20126490170429,2.0
200511,2600.0,1.4500000000000002,1.0,23636.363636363636,0.05134615384615385,5.0,5.0,5.0,5.0,0.08333333333333333,0.16666666666666666,0.25,0.3333333333333333,0.4166666666666667,0.5,0.5833333333333334,0.6666666666666666,0.75,0.8333333333333334,0.59298098188371,0.0385802469135802,0.04030187093663413,0.0007716049382716093,0.6543209876543211,3.0378086419753076,2.606303067334971,0.44598765432098747,33.333333333333336,0.0,0.0,0.0,0.0,0.0,1.0,0.0,0.0,0.0,0.0,0.0,15.0,-1.3769322235434005,0.1064624170123955,0.08377937638112154,0.3825215282448131,0.08377937638112154,0.3825215282448131,0.5592299207220616,0.10851452228692718,0.0623726668710897,0.3095113003377237,0.06237266687108967,0.10851452228692718,0.5592299207220615,-66.27777003685958,35.01351344628004,-115.99169886241499,-68.7274030745163,121.00081550476628,58.78136129065563,-92.98746715689185,101.98893764324242,152.1975035372597,40.16648757189062,199.66215012682113,-108.69224294491818,25.0,0.04394326723739827,50.0,12.5,7.083333333333333,12.727272727272727,0.0,15.0,7.5,15.0,0.0,0.0,0.0,3.0,0.0,25.0,4.0,25.0,14.719601443879744,141.46432060417632,-0.06654491595544934,-0.17482517482517412,17.392994411059014,-2.239325370641101,-417.04152899604145,0.7159075499311314,1.491114085389523,1.0,50.0,0.0,0.4345886847244494,-0.003912174302883933,19.447221334172845,0.5550251348233772,7.772815877574012,140.0,60.416666666666664,1.7899401296935062,5.72699057380596,13.491376819608435,20.777629063015446,25.08611868622189,27.160621369136575,27.936170921732195,28.00390134468287,27.69562594671496,7.539822708475722,6.912751674783758,14.1606249547436,21.365957071840153,25.669783334171473,27.743448829757575,28.51287104649397,28.570061692566963,28.248697168836777,2.091332111237969,7.3242774938801265,3.8713969939497734,4.3018659463353,4.979382704256843,5.4428325056074005,5.656818877406188,5.7056261309131395,5.659499500340172,5.562481025252667,53.645040807358946,14.987714684763342,18.506050620239307,24.794252115452192,29.624425684096536,31.999599811779007,32.55416954575884,32.02993459435066,30.94119515629596,2.0
200512,2800.0,1.4000000000000001,1.0,25454.545454545456,0.04732142857142857,2.0,9.0,5.0,20.0,0.08333333333333333,0.16666666666666666,0.25,0.3333333333333333,0.4166666666666667,0.5,0.5833333333333334,0.6666666666666666,0.75,0.8333333333333334,0.59298098188371,0.09876543209876555,0.08035638752557679,0.07647462277091904,0.6104252400548696,1.7253086419753083,3.2783541748886886,0.04389574759945129,33.333333333333336,0.0,0.0,0.0,0.0,0.0,1.0,0.0,0.0,0.0,0.0,0.0,15.0,-1.0950000000000009,0.1918937324410373,0.03597161588662926,0.4733018834674727,0.03597161588662923,0.4733018834674727,0.6276300800228085,0.16470092014371937,0.07566887593471767,0.16366354336773578,0.07566887593471763,0.16470092014371937,0.6276300800228085,-75.56719321426152,44.17711590865945,182.65188999380453,184.89114643621835,105.49105833092356,9.592788886849387,-133.46936193276875,91.90548188566162,118.78627426700164,-8.983986117483624,80.96289501536266,-128.34675697889685,25.0,0.0580746732002876,50.0,13.333333333333334,6.388888888888889,11.818181818181818,-0.9090909090909091,15.0,5.0,10.0,0.0,0.0,0.0,4.0,0.0,25.0,3.0,16.66666666666667,15.275252316519467,131.48921183079642,-0.32422985673746985,-0.4195804195804191,15.927794648788263,-2.603099873720572,-469.40786931892615,0.6711265316939371,1.5805092216420775,1.0,50.0,0.0,0.5303314916318713,-0.004665705609194607,18.804100967643247,0.5740137570829893,7.4535599249993,130.0,55.555555555555564,1.936322790388126,5.744863012476922,13.972893189341185,21.56283522192636,25.98659958802173,28.089667144245123,28.857822968190316,28.90372953010355,28.568403822350536,6.544124020378705,6.634252523488092,14.247940801636975,21.81247944698375,26.327408058502755,28.506458716701957,29.32308183763434,29.396425058867397,29.074586824805404,2.0786071104615593,6.251096963375395,3.318110232238028,2.7860497135217166,3.290652946930215,4.222446794305955,4.856829036784081,5.202805204232485,5.3594986232134705,5.401657345320523,39.07621324552109,11.0098555132827,7.762073006214439,10.828396817140508,17.82905693074464,23.58878829254898,27.069181993188632,28.724225492227088,29.17790207625516,2.0
200601,2275.0,1.375,1.0,20681.81818181818,0.05351648351648352,2.0,9.0,5.0,15.0,0.08333333333333333,0.16666666666666666,0.25,0.3333333333333333,0.4166666666666667,0.5,0.5833333333333334,0.6666666666666666,0.75,0.8333333333333334,0.59298098188371,0.046682098765432,0.1054556602632615,0.12116340877914955,0.35733882030178327,1.456211419753086,3.4442271243732265,0.005186899862825796,41.66666666666667,0.0,0.0,0.0,0.0,0.0,1.0,0.0,0.0,0.0,0.0,0.0,11.25,-1.2023618672719478,0.07028588488521761,0.18693025993428083,0.4380507001780534,0.18693025993428086,0.43805070017805336,0.4441978308298172,0.011280871504040982,0.45268859573376236,0.20716739348380125,0.45268859573376236,0.011280871504040982,0.4441978308298172,-55.21827520885987,25.865119573069325,66.10948673204231,-8.316670478478674,45.64369989941566,-41.10084120341281,169.1763506851684,-61.133964535427104,81.1460066578727,17.577718274202507,116.26678872474463,-15.929250641504082,20.0,0.07800591443181558,41.66666666666667,12.083333333333334,5.902777777777778,10.454545454545455,0.45454545454545453,15.0,5.0,10.0,0.0,0.0,0.0,3.0,0.0,20.0,4.0,16.66666666666667,13.768926368215256,116.56324694988841,-0.36262244193905696,-0.01748251748251724,14.162379607688981,-2.795248843847237,-466.06614664292385,0.5994864052628819,1.701210818745821,1.0,41.66666666666667,0.0,0.6480702615715273,-0.0055736333446170915,17.60874107973719,0.5972770222167996,6.601241465731191,115.0,43.576388888888886,1.3926373863324966,5.324386442486516,12.905909576856994,19.96007537051979,24.13182338244472,26.14398036499745,26.900021282226007,26.971167055388445,26.678169058907944,6.232101252952951,6.880810335137275,13.608634813211598,20.543886967967484,24.701999814974695,26.710139188124217,27.458638795638688,27.51860975756181,27.212306006633113,2.0810588916063577,6.0745079749101265,4.358492844917577,4.316530953595215,4.862785514064275,5.2767314786242805,5.470267463625224,5.510508100451519,5.461687528530482,5.365155530175008,36.899647137246724,18.99645987919771,18.63243947334562,23.646682955793356,27.84389509750439,29.923826123596744,30.36569952514181,29.830030659305407,28.78489386296747,2.0
200602,2475.0,1.4000000000000004,1.0,22500.0,0.050101010101010104,15.0,15.0,15.0,15.0,0.08333333333333333,0.16666666666666666,0.25,0.3333333333333333,0.4166666666666667,0.5,0.5833333333333334,0.6666666666666666,0.75,0.8333333333333334,0.5731120392262111,0.009645061728395018,0.0871231300352232,0.10804612482853225,0.21433470507544577,1.5418595679012346,3.511427967358466,0.03605109739369,41.66666666666667,0.0,0.0,0.0,0.0,0.0,1.0,0.0,0.0,0.0,0.0,0.0,7.5,-0.6708067301907659,0.0005902242585005268,0.14672049754187724,0.48445684792984045,0.14672049754187727,0.48445684792984045,0.3759885139286939,0.07294237975997553,0.3293231748863326,0.09257811584063991,0.3293231748863326,0.07294237975997553,0.37598851392869387,-59.47499060983723,12.695186386707483,178.3544599816323,64.19789024057062,23.76229210727674,9.143422492279907,92.73801473001154,-64.63588630746617,102.32249872062289,-59.11214192349124,96.38821538689729,84.17699668967163,20.0,0.08186738072287238,41.66666666666667,12.916666666666666,5.277777777777778,10.0,0.0,15.0,5.0,10.0,0.0,0.0,0.0,4.0,0.0,20.0,4.0,16.66666666666667,14.361406616345072,111.6123908423603,-0.6941317805014683,-0.22727272727272738,13.222274353484464,-3.3125883289123044,-496.3485525226291,0.5303855618326391,1.8350829727185691,1.0,41.66666666666667,0.0,0.7723113515064115,-0.0060571160467794176,17.662634945617544,0.6273099609741369,6.277716322216402,110.0,39.40972222222222,1.7982761214539902,5.675787356647404,13.360182780156274,20.697767467437966,25.06256661871471,27.175961691885266,27.976128054494023,28.059140915294524,27.760289207717687,6.354098993978966,6.876971769442546,13.777988314483062,21.016496354132354,25.415152550521853,27.571264895159327,28.40074045010691,28.499992516500704,28.20805987460313,2.075497743535009,6.094323343595491,3.883063043504603,3.3672656673995203,3.64630509792106,4.218736025017983,4.652069866224025,4.892679960194744,4.993414116237599,5.006094784666786,37.14077701629292,15.078178599831231,11.338478074847536,13.29554086712511,17.797733648784533,21.641754040229618,23.938317192891247,24.934184536240917,25.060984993067994,2.0
200603,2275.0,1.3499999999999999,1.0,20681.81818181818,0.045824175824175827,2.0,9.0,5.0,15.0,0.08333333333333333,0.16666666666666666,0.25,0.3333333333333333,0.4166666666666667,0.5,0.5833333333333334,0.6666666666666666,0.75,0.8333333333333334,0.59298098188371,0.009645061728395117,0.027133118669511482,0.038858882030178316,0.1021947873799726,1.9932484567901234,3.191273945802368,0.14921982167352546,41.66666666666667,0.0,0.0,0.0,0.0,0.0,1.0,0.0,0.0,0.0,0.0,0.0,11.25,-1.2023618672719478,0.04312089607979642,0.07447603739724784,0.37867892114485446,0.07447603739724784,0.37867892114485446,0.5797773601188572,0.0142873692436539,0.29743101407970085,0.10903835638677148,0.29743101407970085,0.0142873692436539,0.5797773601188573,-64.51855745182638,21.808327923458624,-138.94540125308606,-128.60809922023066,121.66536161634234,-6.043929712052407,75.88304661200726,26.8801162699438,63.286182263238736,62.255531529052455,216.98783684146957,35.18181476337244,20.0,0.06057369928133423,50.0,12.083333333333334,5.902777777777778,10.909090909090908,-0.9090909090909091,15.0,5.0,10.0,-5.0,0.0,0.0,4.0,0.0,20.0,5.0,16.666666666666664,13.768926368215256,120.66226646348119,-0.36262244193905685,-0.4370629370629376,15.605792122316899,-3.074945272019992,-409.28999061007664,0.5444366091658033,1.5128221728828777,1.0,50.0,0.0,0.5464470507071512,-0.004831306908522737,19.188485034352173,0.6505006726121847,6.601241465731192,120.0,43.57638888888889,2.0193933815746052,5.587721176781225,12.985181626609792,19.911080644415105,23.97011290361073,25.904955721884278,26.613220252331484,26.65652397520255,26.34836558661939,6.376281380939311,6.351306737663055,13.318784940643772,20.25258518956037,24.378179923575704,26.36265566357502,27.09914124204714,27.155394734546118,26.850529806890805,2.076470746330513,6.0480587480088195,3.019349156098839,2.962277910506518,3.703521895709325,4.441772593726962,4.891102399606736,5.108812372490633,5.1812346741357596,5.168615078005201,36.579014619366006,9.116469326434771,8.775090419074862,13.716074431998393,19.729343774383945,23.922882683438772,26.099963857313373,26.84519274846669,26.714581824582712,2.0
200604,2275.0,1.275,1.0,20681.81818181818,0.047692307692307694,2.0,9.0,5.0,15.0,0.08333333333333333,0.16666666666666666,0.25,0.3333333333333333,0.4166666666666667,0.5,0.5833333333333334,0.6666666666666666,0.75,0.8333333333333334,0.59298098188371,0.03125000000000006,0.08141829022941034,0.11138974622770917,0.09396433470507544,1.94849537037037,1.7594167577815634,0.6276148834019206,41.66666666666667,0.0,0.0,0.0,0.0,0.0,1.0,0.0,0.0,0.0,0.0,0.0,11.25,-1.2023618672719483,0.16771480241288478,0.02388900867400793,0.8167559111718992,0.023889008674007967,0.8167559111718992,0.5923226524840779,0.07146063089764472,0.15513644749545907,0.24831447452449623,0.15513644749545902,0.07146063089764472,0.5923226524840778,-78.78768072262297,103.30857143518912,119.16181206036619,250.718309137426,66.00120087567166,-111.0855911064709,61.710569162294405,16.002657086091613,-9.715239247839646,-9.572969086566172,152.34708159036353,-130.03105249636582,20.0,0.04077310783815266,50.0,12.083333333333334,5.902777777777778,11.363636363636363,-0.45454545454545453,15.0,5.0,10.0,-5.0,0.0,0.0,5.0,0.0,20.0,4.0,16.666666666666664,13.768926368215256,125.6131225710093,-0.36262244193905685,-0.1923076923076921,15.605792122316897,-3.074945272019992,-409.28999061007664,0.5444366091658034,1.5128221728828777,1.0,50.0,0.0,0.5464470507071512,-0.004831306908522737,19.188485034352173,0.6505006726121847,6.601241465731192,125.0,43.57638888888889,1.5303970304903673,5.0718128304965315,12.469283938436865,19.42902821727903,23.563971573751193,25.569354128292545,26.332764493547824,26.41752792492699,26.140573500171598,4.313500677849531,5.926150542465441,12.873950113297852,19.79395261981996,23.959742215535524,25.990522807834942,26.7670489535917,26.855694542394435,26.57675728598277,2.056357302483242,4.032886438628619,3.065285445822984,3.2024287005836927,3.7833084526446745,4.336875684909691,4.659979107952895,4.802127009078567,4.831412597791321,4.795252331229779,16.26417302687463,9.39597486437421,10.255549582322157,14.31342284785264,18.808490706360896,21.715405286557466,23.060423811321865,23.342547690096676,22.994444920164636,2.0
200605,1900.0,1.275,1.0,17272.727272727272,0.04868421052631579,2.0,9.0,5.0,15.0,0.08333333333333333,0.16666666666666666,0.25,0.3333333333333333,0.4166666666666667,0.5,0.5833333333333334,0.6666666666666666,0.75,0.8333333333333334,0.5815855815233053,0.09876543209876522,0.11298103169305702,0.20430384087791503,0.07853223593964342,1.1905864197530867,0.4242274731080403,1.714677640603567,16.666666666666668,0.0,0.0,0.0,0.0,0.0,1.0,0.0,0.0,0.0,0.0,0.0,10.0,-1.32548118356794,0.01422989309864205,0.12358013999604145,0.3971385073415139,0.12358013999604142,0.39713850734151396,0.4513608590770426,0.06827477406608792,0.04118960970955894,0.4320118215367005,0.04118960970955892,0.06827477406608792,0.45136085907704243,-53.65607809976683,35.52078649197891,-56.58807769977125,0.1516229540016667,33.075113233343814,26.741785153144946,21.60586994457937,178.32186683067314,1.4959988033860112,25.221611089500904,138.42964944380887,-96.5733398664934,20.0,0.04276575096400295,50.0,10.833333333333334,5.833333333333333,10.454545454545455,0.45454545454545453,12.5,7.5,10.0,-5.0,8.333333333333334,0.0,4.0,0.0,20.0,5.0,25.0,12.583057392117917,115.63801379762941,-0.07502411819233946,-0.10489510489510508,16.976863484258992,-2.060993379792873,-384.9496208639235,0.7891817610697244,1.6330697369987757,2.0,50.0,0.0,0.5287326606311168,-0.00412618449380966,19.2354771568429,0.47402760389343623,6.400954789890506,115.0,40.97222222222222,1.236238103871714,5.00535625989396,12.000528256450737,18.356466626308748,22.05074921668182,23.80006500934677,24.431508699509852,24.458715586619793,24.167480834940974,5.904108854200212,6.51988944358123,12.645995532358802,18.91717279543007,22.620754675905754,24.376931237304532,25.005870291317382,25.024211533999786,24.720657397020865,2.0807873842472633,5.773232778329747,4.177962071161286,3.9885491811642764,4.5716036102633195,5.0460877014295225,5.271781681665227,5.328689491044085,5.289838820910317,5.20036270212407,33.330216712781,17.4553670680623,15.90852457056622,20.899559569372617,25.46300109051828,27.791682099141052,28.394931691963674,27.982394751209853,27.043772233643164,1.0
200606,2125.0,1.275,1.0,19318.18181818182,0.04623529411764706,2.0,9.0,5.0,15.0,0.08333333333333333,0.16666666666666666,0.25,0.3333333333333333,0.4166666666666667,0.5,0.5833333333333334,0.6666666666666666,0.75,0.8333333333333334,0.49767860263322644,0.08680555555555562,0.05071214364456263,0.07975394375857345,0.05795610425240054,0.6267361111111112,0.07150150518945654,2.615269204389574,16.666666666666668,0.0,0.0,0.0,0.0,0.0,0.0,0.0,0.0,0.0,0.0,0.0,10.0,-1.4203676539433858,0.03453686429115358,0.24837646953227072,0.4728912711167156,0.24837646953227072,0.4728912711167156,0.2472042200560376,0.2916760595076548,0.07975666428768197,0.5108281081313459,0.07975666428768194,0.2916760595076548,0.2472042200560376,-57.848501971128236,26.69278657877301,251.09523418474544,145.279660595824,11.167584214065752,5.5503715546062695,-18.194467725068996,155.0138547803142,-63.08607801288214,7.8503292006300365,18.641781061011425,-16.96380656929866,20.0,0.05407821229050281,50.0,12.083333333333334,5.069444444444444,9.545454545454545,-0.45454545454545453,15.0,5.0,10.0,-5.0,0.0,5.0,5.0,0.0,15.0,4.0,25.0,13.307266185559428,105.66290502424951,-0.1511572645677102,-0.4370629370629368,15.830017013057152,-2.672971879899786,-421.7705098312483,0.6026075197946732,1.8416532619355146,2.0,50.0,0.0,0.733941126373079,-0.004715991250427747,20.015350127924258,0.6450132995783762,5.574620066774855,105.0,31.076388888888896,1.7715847482567317,5.19348313220492,12.38774528024908,19.24871763036967,23.326110397362726,25.300624969148398,26.049366965006246,26.128823540103525,25.851872863503896,4.961204508774279,6.1951396500795965,12.73140425415404,19.526099933608982,23.6394633446379,25.653671053705,26.429241608467617,26.52360587677004,26.25312404912355,2.060212243224083,4.634116707380854,3.3774973337504375,2.938098220679185,3.2795500001647575,3.8362482913030327,4.241369437128374,4.464895600257323,4.559193910809492,4.5724382760076825,21.47503765762637,11.407488239491315,8.632421154358193,10.755448203580661,14.716800952525437,17.989214702206663,19.935292721197204,20.786249116362356,20.907191787900107,0.0
200607,1750.0,1.2,1.0,15909.09090909091,0.047857142857142855,2.0,9.0,5.0,15.0,0.08333333333333333,0.16666666666666666,0.25,0.3333333333333333,0.4166666666666667,0.5,0.5833333333333334,0.6666666666666666,0.75,0.8333333333333334,0.46026211468500255,0.0015432098765432274,0.11594604742672726,0.01448902606310014,0.21536351165980805,0.3711419753086418,0.006653403876427734,2.765603566529493,0.0,0.0,0.0,0.0,0.0,0.0,0.0,0.0,0.0,0.0,0.0,0.0,10.0,-1.5240928019036284,0.3328098963202287,0.3777087655780198,0.9458972869819431,0.3777087655780198,0.9458972869819431,0.022264910416930756,0.35515373233549036,0.01908939401453263,0.3037526101096563,0.019089394014532614,0.35515373233549036,0.02226491041693074,-44.33548604420914,140.19121294615337,-102.17581941661194,-159.80703662301931,-101.19835854172757,39.88005432902486,159.37685086865662,23.804543724922922,-281.67059154135194,335.63886107742235,31.97420876010935,-24.35462508224768,20.0,0.05516166620144288,50.0,10.833333333333334,5.0,10.0,-0.9090909090909091,12.5,5.0,10.0,-5.0,0.0,5.0,5.0,0.0,15.0,5.0,25.0,12.0761472884912,110.61376113177762,0.07618232287249048,-0.34965034965034947,17.465790283843088,-3.2359097685918954,-310.60660171779807,0.18241347553790493,1.4852655371890298,1.0,50.0,0.0,0.6093608595061086,-0.003874736425452125,22.381815897765446,0.8172565288380482,5.3359368645273735,110.0,28.472222222222218,1.6850990754847068,4.827944620017965,11.53262297040452,17.83083760529706,21.545903266926064,23.331265908547653,23.99740612779959,24.054640527469086,23.788801337197345,3.145998268865572,5.430961241649413,11.944243747868065,18.25102053353669,21.988925164217964,23.787151862683967,24.456160441352104,24.509681948841713,24.236339742177524,2.055515057311289,2.6566419053959387,2.4872255133657912,3.108627692565224,3.893710416697964,4.391683309374967,4.634719499930011,4.714687971711627,4.700933771881797,4.636064606712418,7.057746213505763,6.1862907543377235,9.663566130983389,15.160980809102233,19.28688228984266,21.48062484303149,22.2282826706023,22.098778327618813,21.493095037611567,0.0
200608,1550.0,1.1500000000000001,1.0,14090.90909090909,0.04596774193548387,5.0,5.0,5.0,5.0,0.08333333333333333,0.16666666666666666,0.25,0.3333333333333333,0.4166666666666667,0.5,0.5833333333333334,0.6666666666666666,0.75,0.8333333333333334,0.4535095090581451,0.01388888888888889,0.2125197730263921,0.05864197530864199,0.44753086419753096,0.4537037037037037,0.12698639981311421,1.8904320987654322,33.333333333333336,0.0,0.0,0.0,0.0,0.0,0.0,0.0,0.0,0.0,0.0,0.0,10.0,-1.4081632653061225,0.07496254438859351,0.34106391824235893,0.4611958059636523,0.34106391824235893,0.4611958059636523,0.24067760220816817,0.4770811982795682,0.1398765290480487,0.3892703170096201,0.1398765290480487,0.4770811982795682,0.24067760220816817,-43.61721774598549,47.57891485500105,62.5044405265898,-37.950761435627626,19.88612401298363,121.80119598198739,-119.21806198337697,149.15761411499057,-70.06717511559921,233.65828487311035,-8.240802096063607,-222.7811389299916,20.0,0.05116880127233539,50.0,10.0,5.0,9.090909090909092,0.0,7.5,2.5,10.0,0.0,0.0,5.0,4.0,0.0,15.0,5.0,33.33333333333333,11.36515141415488,101.56388551065672,0.3967800427596649,-0.3846153846153839,16.9477410656076,-2.323840511289352,-337.9056941504209,0.511188837674801,1.7349979552549077,1.0,50.0,0.0,0.6689683337146389,-0.004141161737687518,20.623310814057167,0.6566351194910651,5.400617248673217,100.0,29.166666666666668,1.1462512686270783,4.596800322743406,10.937609724200412,16.836521676395826,20.31085602237273,21.977964500655002,22.59707449988532,22.646123074603196,22.392842795476835,4.051784101726414,5.597869827252848,11.622135349339553,17.43561106928486,20.8726613573752,22.51291852743926,23.10863773898902,23.136352345268353,22.863488218171724,2.06656438829925,3.8862658730680972,3.194616314316001,3.9297230944997397,4.531232856477601,4.810106004872388,4.878583506620175,4.835427819589543,4.737500346631019,4.615158181421151,15.103062436173738,10.205573395693952,15.44272359944461,20.532071199622155,23.137119778109405,23.8005770310664,23.38136219846048,22.443909534329023,21.299685039538588,0.0
200609,1750.0,1.1249999999999998,1.0,15909.09090909091,0.046142857142857145,2.0,9.0,5.0,15.0,0.08333333333333333,0.16666666666666666,0.25,0.3333333333333333,0.4166666666666667,0.5,0.5833333333333334,0.6666666666666666,0.75,0.8333333333333334,0.46026211468500255,0.07561728395061738,0.19404311179083558,0.011402606310013705,0.37585733882030187,0.4544753086419753,0.7618896728456529,0.9137517146776405,8.333333333333334,0.0,0.0,0.0,0.0,0.0,0.0,0.0,0.0,0.0,0.0,0.0,10.0,-1.5240928019036282,0.189984071421641,0.2536839003470982,0.47803367216172626,0.2536839003470982,0.47803367216172626,0.3143878121758822,0.44869606756413216,0.06871008428088243,0.1789728889212226,0.0687100842808824,0.44869606756413216,0.3143878121758822,-53.16196540320544,36.735638294700145,434.65905848991247,158.84339630377016,-4.363376284165627,67.9579590456234,-93.79740640414369,84.61551544373782,-128.36674478685237,168.73917959880202,-133.92368678308338,-108.74758044006138,20.0,0.04620137215663512,50.0,10.833333333333334,5.0,8.636363636363637,-0.45454545454545453,12.5,5.0,10.0,0.0,0.0,5.0,4.0,0.0,15.0,4.0,33.33333333333333,12.0761472884912,96.58046475340471,0.07618232287249048,-0.4195804195804192,16.18194858430425,-2.4204470125677164,-382.8540504317141,0.7359408451823108,1.8198493289758308,1.0,50.0,0.0,0.689199555208347,-0.004534997870929239,19.76958515140436,0.5709389297171499,5.3359368645273735,95.0,28.472222222222218,1.4370117211209503,4.465789366457147,11.125805637347762,17.33057518488407,20.977982122120068,22.729214735978392,23.383576607462008,23.44191234888275,23.18418234779378,4.043750724821791,5.30297046741318,11.50893723279626,17.628191623651265,21.298319075968728,23.080556844821103,23.756150353733215,23.82583196642639,23.572317071800676,2.060603903986439,3.779803862352882,2.8597589256254867,2.9448404283432446,3.2255702877552026,3.6800355359404207,4.011845180562301,4.19082625172341,4.259931257624279,4.26002593862442,14.286917237857764,8.178221112694638,8.672085148404824,10.40430368124918,13.542661545784298,16.094901752800965,17.563024672134084,18.147014319684374,18.147820997752866,0.0
200610,1375.0,1.0999999999999999,1.0,12500.0,0.05090909090909091,5.0,5.0,5.0,5.0,0.08333333333333333,0.16666666666666666,0.25,0.3333333333333333,0.4166666666666667,0.5,0.5833333333333334,0.6666666666666666,0.75,0.8333333333333334,0.3696025301680662,0.018904320987654245,0.19604707867799634,0.01699674211248288,0.22668038408779145,0.35204475308641975,1.5105287100737181,0.40333504801097375,8.333333333333334,0.0,0.0,0.0,0.0,0.0,0.0,0.0,0.0,0.0,0.0,0.0,10.0,-1.8799603752695067,0.053182287101806426,0.13982993339056593,0.5493819784880805,0.13982993339056593,0.5493819784880805,0.299955849721186,0.1940148788755826,0.14782533214085436,0.07765466097345126,0.1478253321408544,0.1940148788755826,0.29995584972118594,-49.492247712896656,56.48361757905674,-129.6184044350367,5.449548512021188,-8.325339382605597,41.55604211305072,60.24233151999179,5.889682725707002,0.7331303568897587,18.99817836829833,234.08593424151752,-1.1082884475947279,15.0,0.0675889554419785,50.0,9.583333333333334,4.583333333333333,8.181818181818182,0.0,7.5,2.5,10.0,0.0,0.0,5.0,3.0,0.0,10.0,5.0,25.0,10.70436048222094,91.59704399615269,0.16673741539332748,-0.22727272727272713,16.117835078956958,-2.5244023196018888,-335.02496662540375,0.771260497138539,1.683336972933913,1.0,50.0,0.0,0.625943823661127,-0.004567970530822134,19.600750727366055,0.4898325431563608,4.768967975941499,90.0,22.743055555555557,1.356197040774448,4.292033135777738,10.277472043814218,15.8697713411177,19.171627497337248,20.760806748659025,21.355169311756395,21.407677137998267,21.17239753323481,4.538757256128535,5.614884404658852,10.915428349692458,16.342192096886496,19.611908211011322,21.192912307762438,21.780917130992705,21.825429753273664,21.58071454659191,2.076347518465424,4.331402430697712,3.6201351409950298,3.6769749041687816,3.9009742516682677,4.132268478750589,4.257750019592793,4.2854515203639405,4.2497933444238996,4.178136311342204,18.76104701665405,13.105378439067104,13.520144445887022,15.2176001121788,17.075642780475707,18.128435229342426,18.365094733389608,18.06074347030967,17.45682303615624,0.0
200611,1450.0,1.075,1.0,13181.818181818182,0.04655172413793104,2.0,9.0,5.0,15.0,0.08333333333333333,0.16666666666666666,0.25,0.3333333333333333,0.4166666666666667,0.5,0.5833333333333334,0.6666666666666666,0.75,0.8333333333333334,0.4137716237431476,0.02469135802469136,0.13232058885487535,0.0,0.2469135802469136,0.19753086419753083,1.842988053120433,0.22222222222222224,8.333333333333334,0.0,0.0,0.0,0.0,0.0,0.0,0.0,0.0,0.0,0.0,0.0,10.0,-1.7999999999999998,0.2526872963683953,0.2140413816762943,0.7811841766109137,0.2140413816762943,0.7811841766109137,0.21726405589242806,0.07650481059615297,0.21626643210529267,0.11180044939481948,0.21626643210529267,0.07650481059615297,0.21726405589242803,-53.75148781518504,60.80617353713429,76.01760186165899,154.62380078774157,-41.62812307781457,19.24322405913299,73.0797205170637,-11.175413189391143,-103.98663773170216,64.00049698634541,224.1028387373639,-82.32602143835337,15.0,0.07630768281804423,50.0,10.0,4.166666666666667,7.7272727272727275,-0.45454545454545453,10.0,5.0,10.0,0.0,0.0,5.0,4.0,0.0,10.0,4.0,33.33333333333333,10.9924216318941,86.64618788862458,0.0,-0.4195804195804195,14.86670699013403,-2.9334615173734315,-360.3589838486224,0.7721754540841835,1.8087323935483404,1.0,50.0,0.0,0.7430909206547172,-0.0052114078336453545,19.326325283578296,0.49274929328591166,4.564354645876384,85.0,20.833333333333332,1.4567896181701805,4.513048214220915,10.491519263178928,16.148174144402766,19.48689166861146,21.089449648710566,21.684830640324474,21.732432807752485,21.489577424673936,3.8976174705568516,5.72800067388934,10.938070531367641,16.427308685313957,19.77649358103105,21.411864163475464,22.0320265429712,22.09406869647609,21.857850990687062,2.066282088151218,3.6151329097533287,3.527376863363787,3.0934463789629003,3.0154506204932745,3.372054485971957,3.7017618061710476,3.8959355347120486,3.9811098730288847,3.9954614301759968,13.069185955181569,12.442387536194149,9.56941049951868,9.092942444633275,11.370751456363598,13.703040469626735,15.178313690632057,15.849235821128062,15.96371204002402,0.0
200612,1250.0,1.025,1.0,11363.636363636364,0.0464,2.0,9.0,5.0,15.0,0.08333333333333333,0.16666666666666666,0.25,0.3333333333333333,0.4166666666666667,0.5,0.5833333333333334,0.6666666666666666,0.75,0.8333333333333334,0.40701901811629,0.0015432098765432011,0.06889557219072132,0.03403635116598084,0.2770919067215364,0.10262345679012339,1.9981483235568782,0.10716735253772287,25.0,0.0,0.0,0.0,0.0,0.0,0.0,0.0,0.0,0.0,0.0,0.0,10.0,-1.6765755053507725,0.03686562951732386,0.23463376483298673,0.4732622830642774,0.23463376483298673,0.4732622830642774,0.29600871754641045,0.20659865226538168,0.46226288140475313,0.35461487196940916,0.462262881404753,0.20659865226538168,0.29600871754641045,-48.727091181602916,56.60801815073544,-8.588663489058023,-134.3338785208357,7.065743767273197,37.26778557430637,112.68378971175011,-232.81867098115458,238.0854681235855,181.7703787153733,-4.749156668230771,-6.194649237746955,15.0,0.0724120155944335,50.0,9.166666666666666,4.166666666666667,7.7272727272727275,-0.45454545454545453,7.5,2.5,10.0,0.0,0.0,5.0,3.0,0.0,10.0,5.0,25.000000000000004,10.206207261596576,86.64618788862458,0.3329709512140244,-0.38461538461538475,13.776586812572631,-3.2852930362775066,-341.04884685525803,0.4817229554314032,1.9193596374240025,2.0,50.0,0.0,0.8131187687772515,-0.005772041067819788,18.57114804147088,0.6681029610574043,4.487637339278753,85.0,20.13888888888889,1.364806217760561,4.253243372609551,9.801955363711365,15.047555438255719,18.162595437756636,19.66660000044412,20.230955817510523,20.28236975095138,20.060925976832888,3.9778555367183963,5.347855426797527,10.26383901507328,15.385232901922453,18.50301184432455,20.020953621243144,20.593177392652905,20.6462050254472,20.422131946574037,2.0669114020327726,3.7363938040526876,3.2418325803904016,3.0443492531492504,3.2056928703508185,3.53292715401781,3.7501237748240177,3.8454364947568496,3.8589194392334325,3.823966814096484,13.960638658963314,10.50947847928069,9.268062375150398,10.27646677901807,12.481574275596381,14.063428326500341,14.787381835207846,14.891259238493669,14.622722195311214,0.0
200701,1250.0,0.975,1.0,11363.636363636364,0.046,2.0,9.0,5.0,15.0,0.08333333333333333,0.16666666666666666,0.25,0.3333333333333333,0.4166666666666667,0.5,0.5833333333333334,0.6666666666666666,0.75,0.8333333333333334,0.40701901811629,0.024691358024691298,0.05919047136107271,0.0746742112482853,0.18552812071330588,0.20910493827160498,1.8031209140984605,0.010973936899862823,25.0,0.0,0.0,0.0,0.0,0.0,0.0,0.0,0.0,0.0,0.0,0.0,10.0,-1.6765755053507734,0.1796150687336,0.16519544306966705,0.8307173199542089,0.16519544306966705,0.8307173199542089,0.18574040237631553,0.24965829883550816,0.35641817844342405,0.2037497316963764,0.35641817844342416,0.24965829883550816,0.18574040237631553,-58.00148787507348,74.25263752434859,114.87208949748194,173.28124071933433,-32.54576640728831,62.869779281813244,-60.7471468490179,-108.4553716129002,318.25377188917406,-71.42753682888996,-74.6532210758091,36.383393373694204,15.0,0.06262156564773924,50.0,9.166666666666666,4.166666666666667,7.7272727272727275,-0.45454545454545453,7.5,2.5,10.0,0.0,0.0,5.0,4.0,0.0,10.0,4.0,25.000000000000004,10.206207261596576,86.64618788862457,0.3329709512140243,-0.31468531468531435,13.77658681257263,-3.2852930362775075,-341.048846855258,0.48172295543140337,1.9193596374240025,2.0,50.0,0.0,0.8131187687772516,-0.0057720410678197874,18.57114804147088,0.6681029610574043,4.487637339278754,85.0,20.138888888888893,1.2722709110794292,4.013107868023305,9.647333118198446,14.851391633025619,17.89986056041725,19.355577003307896,19.891275388691934,19.92782590832149,19.700283080108424,3.384983954818865,4.994299827121425,9.950784177680752,15.057902724669777,18.147909957433377,19.64743866300302,20.211957372080384,20.264613586461326,20.044551263023386,2.065157864074125,3.1367886609082034,2.9728767217620273,2.438661406856852,2.4852768514018857,2.990255464124874,3.373942039437595,3.5861377862560135,3.6791735996312513,3.6990379694680366,9.83944310320228,8.837996002794538,5.947069457293041,6.176601028114072,8.941627740728665,11.383484885484316,12.860384222013181,13.536318376223578,13.682881899566217,0.0
200702,1125.0,0.9750000000000001,1.0,10227.272727272728,0.05177777777777778,2.0,9.0,5.0,10.0,0.08333333333333333,0.16666666666666666,0.25,0.3333333333333333,0.4166666666666667,0.5,0.5833333333333334,0.6666666666666666,0.75,0.8333333333333334,0.41841441847669475,0.003472222222222224,0.07212645440555332,0.07658179012345678,0.15432098765432098,0.3142361111111111,1.4460062616438294,0.0003858024691358019,25.0,0.0,0.0,0.0,0.0,0.0,0.0,0.0,0.0,0.0,0.0,0.0,6.25,-1.371900826446281,0.028393309456032023,0.2707289973516647,0.46573913299083525,0.2707289973516647,0.4657391329908352,0.3555546924571288,0.0008431105467439914,0.5482777952720418,0.25129297686548946,0.5482777952720418,0.0008431105467439914,0.3555546924571288,-50.759122656786296,53.16038154427673,67.11927955828817,10.309123972186907,-9.922318353630098,-123.53370042204703,223.09950025443393,-1.357495692653864,-41.77758274286845,-90.3966219116081,220.86270897932093,108.82723651310943,15.0,0.061311569259754665,41.66666666666667,8.75,3.75,6.818181818181818,0.45454545454545453,7.5,2.5,10.0,0.0,0.0,5.0,3.0,0.0,10.0,4.0,25.0,9.682458365518542,77.59631226750369,0.49338220021815865,-0.017482517482517296,13.126330932943453,-3.5920607866133576,-329.0580813485227,0.4597182397463988,1.9203803693009627,2.0,41.66666666666667,0.0,0.8265865315718921,-0.006106458377343364,18.038850465112322,0.7150850411841894,4.14578098794425,75.0,17.1875,1.1164373744407943,3.830743643564301,9.233614424860951,14.231675409862733,17.160455922669097,18.559637380905926,19.075234312514567,19.11141612828723,18.893906829783422,4.236072262837549,4.916365082440381,9.557655158147508,14.468198874220082,17.432602725119235,18.87035963905844,19.41102748484486,19.46064211635805,19.248668031904735,2.075938219836874,4.086303440144085,3.0815659592373996,2.467617631454162,2.6054162224665043,3.068287844705215,3.4103274324740465,3.594916402375647,3.670199606616964,3.6785194997355406,16.697875804933382,9.496048761130716,6.089136775063448,6.788193692291629,9.414390297965774,11.630333196685022,12.923423940069464,13.470365152411318,13.531505709934612,0.0
200703,1125.0,0.95,1.0,10227.272727272728,0.044444444444444446,2.0,9.0,5.0,10.0,0.08333333333333333,0.16666666666666666,0.25,0.3333333333333333,0.4166666666666667,0.5,0.5833333333333334,0.6666666666666666,0.75,0.8333333333333334,0.41841441847669475,0.018904320987654336,0.00664287723515456,0.00019290123456790288,0.44753086419753096,0.2501929012345678,1.1025392215302776,0.00964506172839505,25.0,0.0,0.0,0.0,0.0,0.0,0.0,0.0,0.0,0.0,0.0,0.0,6.25,-1.371900826446281,0.30808087860417277,0.3158952653879671,0.729977070397335,0.3158952653879671,0.729977070397335,0.1715357966896395,0.03222927637228053,0.48640327519520216,0.18151133809208414,0.48640327519520216,0.03222927637228053,0.1715357966896395,-50.33678055863858,56.22779616091284,-40.68893851678587,-67.7309849252258,-45.20205770860988,-10.406827653414682,265.7013040814888,-136.96290816141845,23.917007369865075,112.00766814874676,176.49720866798998,-8.048768290011873,15.0,0.05105205215049678,41.66666666666667,8.75,3.75,6.363636363636363,-0.9090909090909091,7.5,2.5,5.0,0.0,0.0,5.0,3.0,0.0,10.0,3.0,25.0,9.682458365518542,72.64545615997558,0.49338220021815865,-0.3321678321678317,13.126330932943453,-3.5920607866133567,-329.0580813485227,0.45971823974639886,1.9203803693009627,2.0,41.66666666666667,0.0,0.8265865315718921,-0.006106458377343364,18.038850465112322,0.7150850411841894,4.14578098794425,70.0,17.1875,1.5111778068146713,4.016082134283683,9.150192062477915,14.109480135503278,17.07747782907011,18.520438948747508,19.069787179020494,19.12981748402768,18.928751636548625,3.9190405897037297,4.842232623762166,9.446007386083068,14.3423629069154,17.329838239474107,18.796844684287205,19.361850999556555,19.429708080223428,19.231023574989077,2.0756207751735234,3.6159674749555144,2.7052358627879465,2.345429759703329,2.5740909190433108,2.9467005962529997,3.211652414401724,3.3502971623267728,3.40053512119614,3.3962669541193944,13.07522077993616,7.318301073314046,5.5010407577020155,6.625944059501237,8.683044403957785,10.314711230932424,11.224491075894825,11.563639110488447,11.53462922364343,0.0
200704,1800.0,1.025,1.0,16363.636363636364,0.07777777777777778,2.0,9.0,5.0,10.0,0.08333333333333333,0.16666666666666666,0.25,0.3333333333333333,0.4166666666666667,0.5,0.5833333333333334,0.6666666666666666,0.75,0.8333333333333334,0.48245245470927484,0.0015432098765431879,0.676195250302942,0.6697530864197535,0.5216049382716051,0.1512345679012348,2.515162774388417,0.07561728395061744,16.666666666666668,0.0,0.0,0.0,0.0,0.0,0.0,0.0,0.0,0.0,0.0,0.0,6.25,2.5,0.06136930326833049,0.1602571758578747,0.4309068721119177,0.1602571758578747,0.4309068721119177,0.24205313988683574,0.059126310430959374,0.4617069685769032,0.007927388923458085,0.4617069685769032,0.059126310430959374,0.24205313988683574,-20.575650580124854,-4.639809614168556,242.3735180409567,-25.04918334320818,57.10535125947592,-66.1196358980827,46.75569794556631,-200.49344277985722,245.3977676720801,-90.70611510977368,-155.97760957721877,189.5222263989313,30.0,0.01770869130389881,50.0,10.0,5.0,7.7272727272727275,2.272727272727273,7.5,2.5,5.0,0.0,8.333333333333334,5.0,3.0,0.0,25.0,3.0,50.0,12.24744871391589,87.61557254524831,1.7677669529663687,0.7692307692307696,16.899710866638493,-1.7717085731236937,-378.3985739351808,0.7740999933292807,1.6148918734633229,2.0,50.0,0.0,0.5316862382417389,-0.0041658629828716315,18.861072531983712,0.39352281287189195,7.0710678118654755,85.0,50.0,0.9692296222490345,3.7436768285928523,9.447835146117376,14.968217562629,18.269949422186226,19.88292714006648,20.508719072635508,20.59404721468461,20.39051008966142,6.050339575215494,6.613912852285355,10.509368738267435,15.429557371447352,18.644338399676453,20.280313607173106,20.940394282328715,21.05143032787702,20.8635515518907,2.090833863093236,5.972202517896877,5.452405617769313,4.602742913596422,3.744823584174571,3.717566740814097,3.995037965789393,4.22995918409407,4.364394364491062,4.4175651259281565,35.667202914773796,29.72872702068236,21.18524232866208,14.023703676590081,13.820302472407148,15.96032834809865,17.89255469910177,19.04793816880134,19.514881641816647,0.0
200705,1875.0,1.125,1.0,17045.454545454544,0.07106666666666667,2.0,9.0,5.0,10.0,0.08333333333333333,0.16666666666666666,0.25,0.3333333333333333,0.4166666666666667,0.5,0.5833333333333334,0.6666666666666666,0.75,0.8333333333333334,0.49767860263322644,0.009645061728395018,0.9310384729742401,1.0902992112482854,0.7935528120713308,0.5117669753086419,2.9725537766828243,0.0792609739368999,8.333333333333334,0.0,0.0,0.0,0.0,0.0,0.0,0.0,0.0,0.0,0.0,0.0,6.25,2.5666909090909087,0.015453831734317644,0.38084103585299445,0.3013081722626896,0.38084103585299456,0.3013081722626896,0.28830251357500125,0.03294857831410855,0.4676562222639513,0.07699920322145179,0.46765622226395137,0.03294857831410855,0.28830251357500125,-63.352826030643875,-18.39727377065133,-8.115197180520507,-91.1569619518819,21.832183045637752,-45.780428192179606,50.88810063222392,-23.12953560777158,300.02350001750517,-18.47334301806417,130.14088856548412,403.86476547004895,30.0,0.024555335372744354,50.0,10.416666666666666,4.791666666666666,8.636363636363637,-0.45454545454545453,10.0,5.0,5.0,0.0,8.333333333333334,5.0,3.0,0.0,25.0,3.0,41.66666666666667,12.5,97.59068131862821,1.7450380219271586,0.541958041958042,15.204493777212162,-1.8582696506039433,-435.2622386802915,0.7574799455886124,1.8944024587657646,1.0,50.0,0.0,0.7020889439386198,-0.005037688914576601,17.90769544937395,0.3411631515307977,6.909634979907084,95.0,47.743055555555564,2.3668034693731985,4.699025218179618,10.424999615562166,16.0217267811647,19.369982901662162,20.99490062009845,21.610658068695813,21.674242211135223,21.4434607337251,7.6185279863174244,8.489069809322425,11.872615889462486,16.578356130008903,19.768102178837243,21.399763017070235,22.047135523028675,22.137095619683993,21.92327485108205,2.108219621355146,7.241561296824381,7.069898742306107,5.681407490599993,4.259831325664616,3.947356855196299,4.142946432064596,4.365276922338996,4.503135246478431,4.561575600302655,52.44021001566481,49.98346822646147,32.278391074245704,18.146162923113565,15.581626142265216,17.164005138956767,19.055642608705416,20.278227048076356,20.80797195727653,0.0
200706,1875.0,1.1500000000000001,1.0,17045.454545454544,0.07546666666666667,2.0,9.0,5.0,10.0,0.08333333333333333,0.16666666666666666,0.25,0.3333333333333333,0.4166666666666667,0.5,0.5833333333333334,0.6666666666666666,0.75,0.8333333333333334,0.49767860263322644,0.03125000000000011,1.202659225859384,0.5787251371742116,0.49005486968449935,0.6359953703703703,3.1479494847030294,0.09469307270233206,8.333333333333334,0.0,0.0,0.0,0.0,0.0,0.0,0.0,0.0,0.0,0.0,0.0,6.25,2.5666909090909087,0.09015669837336988,0.29406989186846905,0.5912372563181366,0.29406989186846905,0.5912372563181366,0.08576995745737839,0.1621206573384885,0.41410596035142655,0.19475022154132382,0.41410596035142655,0.1621206573384885,0.08576995745737843,-74.93430586026432,14.152599472059851,39.13121110669945,14.719327246019567,18.41461743779474,-40.961152720616035,1.3969335931117115,33.6487067620759,369.33506559013415,162.15119786015217,126.57518842519255,-40.58711386076549,30.0,0.03560988082728979,50.0,10.416666666666666,4.791666666666667,8.181818181818182,0.9090909090909091,10.0,5.0,5.0,0.0,8.333333333333334,5.0,4.0,0.0,25.0,3.0,33.333333333333336,12.5,92.6398252111001,1.7450380219271586,0.9265734265734266,15.204493777212164,-1.8582696506039431,-435.2622386802915,0.7574799455886126,1.894402458765765,1.0,50.0,0.0,0.7020889439386195,-0.005037688914576601,17.90769544937395,0.34116315153079757,6.909634979907084,90.0,47.743055555555564,1.4029477999769477,4.958390942803653,10.960673978962395,16.577098642208966,19.88827857973406,21.47032801892172,22.048304633189034,22.080347316148508,21.823371344982302,5.787971134422865,9.431728135656288,12.974499175286933,17.636190927087192,20.750186553511167,22.298509066312302,22.871079326955368,22.89804626819276,22.63189352371429,2.1014672520231032,5.615367069342141,8.023207269119572,6.942712350113459,6.019554055172713,5.918328914516912,6.020674492140986,6.079352957509575,6.064551533176205,5.995253756743421,31.532347323452143,64.37185488325314,48.201254776417954,36.235031023146256,35.02661714040693,36.24852134031712,36.95853238198041,36.778785298549856,35.943067607746094,0.0
200707,1950.0,1.225,1.0,17727.272727272728,0.06871794871794872,2.0,9.0,5.0,10.0,0.08333333333333333,0.16666666666666666,0.25,0.3333333333333333,0.4166666666666667,0.5,0.5833333333333334,0.6666666666666666,0.75,0.8333333333333334,0.49767860263322644,0.02469135802469127,1.3319270587997274,0.37920096021947874,0.6464334705075445,0.46836419753086417,2.797874038593962,0.2743484224965706,8.333333333333334,0.0,0.0,0.0,0.0,0.0,0.0,0.0,0.0,0.0,0.0,0.0,6.25,2.733727810650887,0.20184510923056798,0.2604713658670781,0.6616324859471137,0.2604713658670781,0.6616324859471137,0.41088171475197155,0.0606327832174293,0.3908989105279586,0.110827589678171,0.3908989105279586,0.0606327832174293,0.41088171475197166,-63.04405785055508,31.064834263128944,-1.9559182561064536,2.5542609057063608,6.090398958517432,-22.29446235388503,24.587128696290232,20.469140290080556,408.73570715178016,152.6855577398189,-47.02880307443307,-82.44784193708992,30.0,0.05277948338362796,41.66666666666667,10.833333333333334,4.583333333333334,8.636363636363637,0.45454545454545453,10.0,5.0,5.0,0.0,0.0,5.0,4.0,0.0,25.0,4.0,41.666666666666664,12.747548783981962,96.73884472469288,1.7555685511087964,0.6643356643356644,14.33476521903265,-2.0853563773125376,-457.351476022714,0.717235747225888,1.927993216013325,1.0,41.66666666666667,0.0,0.7510816353801864,-0.005484977887354635,17.56945707132196,0.3304211637159761,6.718548123582124,95.0,45.138888888888886,1.484595875550972,5.287497700945226,11.710880329759192,17.636656537824788,21.12289063769083,22.78537808381687,23.389251841193673,23.417699106957127,23.141691115582063,5.811681742447536,9.16931424131223,13.601560925494308,18.69316996662364,21.979165244733288,23.590443870499243,24.174713819157176,24.188441616035938,23.897069978888446,2.099143374449434,5.6188628530864735,7.49124099988982,6.917928990094709,6.1953974503563565,6.075129296026932,6.110285393064137,6.112257074712032,6.057398480238758,5.9608796235859005,31.571619761795066,56.11869171843023,47.857741511992806,38.382949567882044,36.907195963444686,37.33558758469296,37.35968654736728,36.69207634839882,35.53208588688159,0.0
200708,2325.0,1.275,1.0,21136.363636363636,0.06827956989247312,2.0,9.0,5.0,15.0,0.08333333333333333,0.16666666666666666,0.25,0.3333333333333333,0.4166666666666667,0.5,0.5833333333333334,0.6666666666666666,0.75,0.8333333333333334,0.5731120392262111,0.009645061728395073,1.370267480762521,0.29091649519890256,0.9910836762688618,0.5765817901234567,2.1073988429686175,0.7582733196159123,8.333333333333334,0.0,0.0,0.0,0.0,0.0,0.0,0.0,0.0,0.0,0.0,0.0,6.25,1.1957157024793377,0.12384717509420132,0.2951679125086303,0.5743610466284037,0.2951679125086303,0.5743610466284037,0.1802296915911125,0.36524362204740923,0.20529058827368224,0.155454552327781,0.20529058827368224,0.36524362204740923,0.1802296915911125,-74.76445497078781,-18.643017497506815,62.261972450039906,54.99156603150503,-77.71068314664475,122.07216235887778,118.14261633698236,86.11036577257704,417.50361670680036,-30.2552594461537,-40.668237350335595,41.198438339808924,30.0,0.061027500306256026,50.0,12.083333333333334,5.277777777777778,8.636363636363637,0.45454545454545453,10.0,5.0,5.0,0.0,0.0,5.0,5.0,0.0,25.0,3.0,41.666666666666664,13.919410907075054,96.73884472469288,1.3099845618236792,0.7517482517482523,15.01835194975697,-2.0956814970175803,-487.0806259717029,0.8189931570789679,1.9669307584461992,2.0,50.0,0.0,0.7592183095090531,-0.005133418997267841,18.40140615608518,0.3212150657995183,6.909634979907082,95.0,47.74305555555555,1.604861212600861,5.04588802446894,12.30923167490593,19.077207744242198,23.06681668064435,24.98604048128216,25.704291023580904,25.768827457663363,25.486280712200195,6.1768283649047975,7.807803926695048,14.02023652018373,20.21437515994055,24.012278220024577,25.858121194960827,26.53756483904103,26.573768621676667,26.266453575746883,2.0878906521759157,5.964698578954494,5.9582561376828655,6.711918329016384,6.684392851250364,6.671691954625454,6.658844704677486,6.597861059568093,6.49097143851227,6.3542174109640435,35.57762913778177,35.500816202235534,45.04984765538608,44.681107789846976,44.51147353741402,44.340212801011404,43.53177056136499,42.13271021558205,40.376078905798586,0.0
200709,2325.0,1.3499999999999999,1.0,21136.363636363636,0.06989247311827956,2.0,9.0,5.0,15.0,0.08333333333333333,0.16666666666666666,0.25,0.3333333333333333,0.4166666666666667,0.5,0.5833333333333334,0.6666666666666666,0.75,0.8333333333333334,0.5731120392262111,0.04668209876543195,1.1056768744740613,0.6828918038408779,0.785322359396433,0.7710262345679008,1.7073803957591345,1.0298782578875165,8.333333333333334,0.0,0.0,0.0,0.0,0.0,0.0,0.0,0.0,0.0,0.0,0.0,6.25,1.1957157024793377,0.04523044836516136,0.21962925350412324,0.5015268275656989,0.21962925350412324,0.5015268275656989,0.2985215581934586,0.3816195343056752,0.3795302654818965,0.15674772377396928,0.3795302654818966,0.3816195343056752,0.29852155819345855,-86.45159388180673,-3.822374579350243,-5.98217128419895,88.89350966094409,60.116376090308144,228.4502566642419,281.87086152091274,161.52005473023644,-35.18110097588845,-162.509831410351,-109.91509357256899,-61.201707753718765,30.0,0.06239925021437922,50.0,12.083333333333334,5.277777777777778,8.181818181818182,0.9090909090909091,10.0,5.0,5.0,0.0,0.0,5.0,4.0,0.0,25.0,4.0,41.666666666666664,13.919410907075054,91.78798861716476,1.3099845618236794,0.9965034965034966,15.018351949756974,-2.0956814970175803,-487.08062597170306,0.8189931570789679,1.9669307584461997,2.0,50.0,0.0,0.7592183095090527,-0.005133418997267841,18.401406156085176,0.3212150657995183,6.909634979907082,90.0,47.74305555555555,1.6040278173733398,4.890537497006775,12.40735891764268,19.478453692392748,23.638559247470397,25.639398403706377,26.391751111281877,26.465710877739227,26.179745756159395,6.742385329038633,6.773455033099927,14.330414999316629,21.097227921182693,25.025577188882426,26.87895219537629,27.529871268246794,27.52783178764592,27.181307701401508,2.0787193649181015,6.548805592344905,4.686399052129198,7.170651207626241,8.104496758691557,8.215718492045847,8.068415000317167,7.833855074380178,7.572824483958729,7.310567727688654,42.8868546863279,21.962336075797438,51.41823874143167,65.68286771164195,67.49803034054409,65.09932061734305,61.36928532639207,57.34767066484479,53.44440050112286,0.0
200710,2400.0,1.4,1.0,21818.18181818182,0.06270833333333334,10.0,10.0,10.0,10.0,0.08333333333333333,0.16666666666666666,0.25,0.3333333333333333,0.4166666666666667,0.5,0.5833333333333334,0.6666666666666666,0.75,0.8333333333333334,0.546490490941855,0.02469135802469136,0.8614713457186318,0.5486111111111112,1.0030864197530864,0.5239197530864198,1.9734051974912443,0.888888888888889,8.333333333333334,0.0,0.0,0.0,0.0,0.0,0.0,0.0,0.0,0.0,0.0,0.0,5.0,1.5102040816326534,0.1813946783298838,0.2975385105370319,0.5866644450379934,0.29753851053703195,0.5866644450379934,0.23838630652301346,0.3511784129308451,0.3217068459693936,0.041198194756053574,0.32170684596939364,0.3511784129308451,0.23838630652301346,-83.26134701269997,20.631541811803068,51.32860986096752,37.60628269884113,96.94528097365033,294.7210952548415,276.3114931259403,-93.55568205004663,-144.15498826398422,-179.79616376027172,-59.174232257284544,14.107263903125242,30.0,0.057549851524684136,50.0,12.5,5.0,8.181818181818182,0.0,10.0,2.5,5.0,-5.0,0.0,5.0,4.0,0.0,25.0,3.0,41.666666666666664,14.142135623730951,91.78798861716477,1.403868042605701,0.5944055944055943,15.119395316237881,-2.169745768924175,-494.2961770209331,0.9448153497824614,1.974419128368834,2.0,50.0,0.0,0.7669452473834583,-0.005081453837363375,18.64131196960486,0.323881056427086,6.614378277661476,90.0,43.75,1.6968473809206088,5.168769354574526,12.800356582622621,20.280361962428866,24.790211810407044,27.008966593210015,27.88039695476886,28.01126751501984,27.744919352376126,6.214022761497934,6.706752443574145,14.550659502097817,21.76873955008721,26.01078111878417,28.04905232086877,28.798581438237584,28.84260546470381,28.511043393853168,2.070544771568067,5.97785813199655,4.273681281822383,6.919000166476302,7.911064420948649,7.874397297854248,7.5673680804952905,7.213997400839381,6.874938704785379,6.564986331769723,35.73478784627728,18.264351698599004,47.87256330369909,62.584940272399585,62.00613280445429,57.26505966569898,52.04175849931735,47.264782194556055,43.09904553632328,0.0
200711,2700.0,1.4749999999999996,1.0,24545.454545454544,0.06351851851851852,2.0,9.0,5.0,15.0,0.08333333333333333,0.16666666666666666,0.25,0.3333333333333333,0.4166666666666667,0.5,0.5833333333333334,0.6666666666666666,0.75,0.8333333333333334,0.5906595845169362,0.05555555555555551,0.2016498798850607,0.4622770919067215,1.5980795610425236,0.2592592592592592,2.187924880060069,0.8401920438957473,16.666666666666668,0.0,0.0,0.0,0.0,0.0,0.0,0.0,0.0,0.0,0.0,0.0,6.25,0.41522491349480894,0.09311598227081437,0.24197716849666176,0.6146680434042758,0.24197716849666176,0.6146680434042758,0.21452369341730682,0.11311107492312336,0.42832610992806297,0.04979843802198902,0.4283261099280631,0.11311107492312336,0.21452369341730684,-74.03591013050382,56.12041064718994,-123.58337333677426,-117.07816483676613,139.6964886855163,195.6229526512388,-185.7987253373224,-338.43716158317335,117.81358809209922,221.96635940111705,249.2005394070323,163.72192888839444,30.0,0.03983106642417768,50.0,13.333333333333334,5.555555555555556,8.636363636363637,1.3636363636363635,10.0,5.0,5.0,0.0,0.0,5.0,4.0,0.0,25.0,3.0,33.33333333333333,15.0,96.73884472469288,0.998676103090782,0.7692307692307697,14.599314190934578,-2.4608321628437744,-522.1005085353295,0.7921035318541914,1.92433968371884,1.0,50.0,0.0,0.7488458255525093,-0.005348924130376502,18.230794633232847,0.4499756660709363,6.871842709362768,95.0,47.22222222222222,1.2362630150628586,5.225599583711381,13.70159419939994,21.655443268626527,26.346911248018618,28.61247875096908,29.47292474893213,29.568639691840513,29.257847993100246,6.091468410437749,7.267052161644175,15.13923860236198,22.874537911713983,27.442341134769627,29.622903298771973,30.418342370415,30.461122795831344,30.10562002332574,2.0761055856276545,5.964699586144191,5.050064961044829,6.439166239057439,7.367921112073506,7.676089801852167,7.6708838847774565,7.524776362628239,7.3195320039487255,7.0941305176541105,35.57764115294869,25.503156110772718,41.462861854217124,54.28626151373849,58.922354646098846,58.84245957373849,56.62225930756867,53.57554875682964,50.326687801511376,0.0
200712,2775.0,1.55,1.0,25227.272727272728,0.05612612612612613,10.0,10.0,10.0,10.0,0.08333333333333333,0.16666666666666666,0.25,0.3333333333333333,0.4166666666666667,0.5,0.5833333333333334,0.6666666666666666,0.75,0.8333333333333334,0.546490490941855,0.03125,0.11465592180911069,0.36130401234567894,1.2623456790123457,0.5434027777777778,2.8463780288081733,0.5281635802469136,25.0,0.0,0.0,0.0,0.0,0.0,0.0,0.0,0.0,0.0,0.0,0.0,6.25,0.7379972565157749,0.19186677187754742,0.24122217558107334,0.6440728369730412,0.24122217558107334,0.6440728369730412,0.28247074079995926,0.15050101289723788,0.3378874756289606,0.030249833711372204,0.33788747562896054,0.15050101289723788,0.2824707407999593,-60.29617761804191,49.43600524560838,-79.2445409268644,42.48197819828653,87.88135886545717,61.02024772222366,-68.60298360370315,-24.202520172310056,319.21030897855974,-37.26807090460348,-41.05040463387293,-26.903115876023016,30.0,0.03357939839075837,50.0,13.75,5.208333333333333,9.090909090909092,0.0,10.0,2.5,5.0,-5.0,0.0,5.0,4.0,0.0,25.0,4.0,33.33333333333333,15.20690632574555,101.68970083222099,1.1547005383792515,0.2622377622377621,14.528798325039702,-2.692224600406222,-523.7735795293889,0.8650920900465698,1.974757462174071,2.0,50.0,0.0,0.7802488348670625,-0.005385189432836723,18.520625834374467,0.5317667220154401,6.49519052838329,100.0,42.1875,1.8449134395310345,5.82255566916364,14.647892570619055,22.754202745140518,27.497805136080416,29.767328122809356,30.608938692429252,30.67569436379657,30.332123789217317,6.413684754471994,7.648045385087567,15.560998166955331,23.557017737843474,28.288925704129202,30.545954848597546,31.368910468257987,31.413599197227043,31.046838637314167,2.0771088767102026,6.142609097963523,4.958875244634572,5.252038384436116,6.0974865423477524,6.64334480453119,6.852848607809973,6.863047143120378,6.76875097953552,6.623326642029728,37.731646530384246,24.59044369184959,27.583907191590328,37.17934213411195,44.134030191891554,46.961534041563084,47.10141608869278,45.81598982296307,43.86845580702079,0.0
200801,2899.609509572484,1.57493489,1.0,26360.086450658946,0.05300956751091484,2.0,9.0,10.0,15.0,0.08333333333333333,0.16666666666666666,0.25,0.3333333333333333,0.4166666666666667,0.5,0.5833333333333334,0.6666666666666666,0.75,0.8333333333333334,0.6371500754587913,0.03860034520945194,0.05921033252282667,0.2773147634501873,0.8696775449237818,0.5837293230952189,2.871568414084931,0.4820553934266938,25.0,0.0,0.0,0.0,0.0,0.0,0.0,0.0,0.0,0.0,0.0,0.0,6.25,0.6611720363716564,0.11487262687043338,0.32940234749401764,0.5091210701579056,0.32940234749401764,0.5091210701579056,0.145732827338104,0.3482578770644317,0.28199629064107906,0.1769327172324822,0.28199629064107906,0.3482578770644317,0.14573282733810403,-46.833515493192365,38.73433927503249,-33.39814559806077,123.27999979165645,-53.44336276102238,117.40478194979354,-29.602761204254083,0.8638915682954461,183.64576306950232,-171.4573498370123,124.5804962261613,70.11871803936579,30.0,0.02829748677704427,50.0,14.1655815,4.998914833333333,9.544270727272727,0.4533616363636364,12.493489,2.5,5.0,-5.0,0.0,5.0,5.0,0.0,25.0,4.0,33.33333333333333,15.54458509570799,105.77595186539699,1.0288394594999182,0.13935929370629416,14.148196866922865,-3.0467286836715086,-529.752790995358,0.7257907821138052,1.937726396210868,2.0,50.0,0.0,0.7744473922754193,-0.005580927325582523,18.390420154507105,0.6240027018082845,6.400814523524701,104.986978,40.97042656456475,1.494366983984034,6.156446878349647,15.174182553798687,23.410902951489234,28.22392747426767,30.51963159621228,31.363432466189835,31.420105817534758,31.060535866198965,5.8760163241311165,8.033388625642607,15.866271324396296,24.01725592931456,28.872606464788735,31.198210423469533,32.05259354239449,32.10710604602854,31.73810954445248,2.073755170512258,5.682819296672543,5.160764928250742,4.634948712051931,5.362667747506653,6.085829606375678,6.471508391292124,6.610889254305986,6.6063007096136195,6.523090460834757,32.29443515863382,26.633494644662893,21.482749563351856,28.75820537014808,37.03732199783874,41.88042085856437,43.70385673269836,43.64320906584141,42.550709160233396,0.0
200802,2899.609509572484,1.62486978,1.0,26360.086450658946,0.04714805580059121,2.0,9.0,10.0,15.0,0.08333333333333333,0.16666666666666666,0.25,0.3333333333333333,0.4166666666666667,0.5,0.5833333333333334,0.6666666666666666,0.75,0.8333333333333334,0.6371500754587913,0.03856015385142721,0.05578085483455518,0.3545892182758223,0.8246137821436292,0.09320977613401733,2.01234116278341,0.06211216560837189,25.0,0.0,0.0,0.0,0.0,0.0,0.0,0.0,0.0,0.0,0.0,0.0,6.25,0.6611720363716569,0.013209838640358185,0.23753252904854483,0.4802509583771726,0.23753252904854483,0.48025095837717263,0.21291396914482386,0.19832137475467465,0.39592277545677096,0.20866603674383521,0.39592277545677096,0.19832137475467465,0.2129139691448239,-38.57607099867937,4.211776452177643,-84.51395611759736,35.722482118077465,-39.76154766226056,141.69164720106494,45.997869715788504,-72.64737047077875,237.1730603400418,-82.8492114822458,75.08056441252056,38.73942563670431,30.0,0.025917817454774346,50.0,14.1655815,4.998914833333333,9.543086909090908,0.45454545454545453,12.493489,2.5,5.0,-4.986978000000001,0.0,5.0,4.0,0.0,25.0,5.0,16.66666666666667,15.54458509570799,105.76318338498024,1.0288394594999184,-0.21019999300699288,14.148196866922866,-3.0467286836715086,-529.752790995358,0.7257907821138051,1.9377263962108684,2.0,50.0,0.0,0.7744473922754193,-0.005580927325582523,18.390420154507105,0.6240027018082847,6.4008145235247005,104.97395599999999,40.97042656456474,1.7530001089730736,6.527595751547899,15.238181972773615,23.425459699681365,28.272308654364775,30.606705992713255,31.479148278674927,31.554724126917886,31.20694697571569,7.21767402833914,7.892722541871871,15.847313402876363,23.992591388536,28.865913252813257,31.218332163445645,32.095379639455714,32.166374752534544,31.80870016613374,2.0774203565485574,7.001557612224707,4.436841537326547,4.351454039010651,5.185776643460069,5.823874249266605,6.149293564535289,6.259122770004224,6.243000079657054,6.157910904995774,49.02180899730175,19.685562827346196,18.93515225362211,26.89227939585598,33.91751127127066,37.813811342835116,39.17661784998534,38.975049994597974,37.919866713865865,0.0
200803,2974.609509572484,1.54986978,1.0,27041.904632477126,0.03999343627413515,2.0,9.0,10.0,15.0,0.08333333333333333,0.16666666666666666,0.25,0.3333333333333333,0.4166666666666667,0.5,0.5833333333333334,0.6666666666666666,0.75,0.8333333333333334,0.546490490941855,0.170181092431674,0.21713487259745015,0.0010841133054894621,0.18137214716063346,0.23357667859913483,1.1666764550035105,0.007177904533340249,25.0,0.0,0.0,0.0,0.0,0.0,0.0,0.0,0.0,0.0,0.0,0.0,6.25,1.0843109424806912,0.09472718444675346,0.3374205571817126,0.485010385392989,0.33742055718171265,0.485010385392989,0.1557084829866566,0.31932034723027514,0.34796525779804105,0.0924184479683704,0.34796525779804105,0.31932034723027514,0.15570848298665663,-46.03641544487719,7.6644955738444605,-62.33385259251256,65.684695878269,-20.921673823218548,146.75039395463813,20.978592218738942,-37.11132102837039,211.9947735362311,-88.49467843954294,92.75467847353359,5.985595327816455,30.0,0.029606744496353178,50.0,14.582248166666666,4.582248166666667,7.270359636363636,-1.8181818181818181,12.493489,2.4934890000000003,5.0,-4.986978000000001,0.0,10.0,4.0,0.0,20.0,4.0,25.0,15.74433630858116,81.74319137858662,1.3566092121337916,-0.7870320069930064,12.735834912955625,-3.5026818761834404,-566.0267916902413,0.698140794056721,2.219941011508712,2.0,50.0,0.0,0.9248526860198925,-0.0063072849019085355,17.677596941991954,0.6693156180227343,5.936511113731164,79.97395599999999,35.24216420345363,2.423650083878188,6.446623904115182,15.245812929009453,23.61141731587959,28.56562648905825,30.954959932479856,31.852989016816952,31.938321404815046,31.59174041361925,6.283847367949135,7.299400164650694,15.632933082929577,24.031465397283533,29.0461494125636,31.47646383229243,32.39573840186588,32.48870937279231,32.141322998553136,2.0663194231176605,5.797642453152705,3.423781973577366,3.457424606408988,4.473511090431873,5.261537701526277,5.705982033285785,5.905163613031046,5.954818431530555,5.918325923419323,33.612658014598516,11.722283002593322,11.953784909002346,20.012301476216965,27.683778984582414,32.55823096418018,34.870957296665885,35.45986255249602,35.02658173581718,0.0
200804,2174.609509572484,1.44986978,1.0,19769.177359749854,0.05022453929545747,10.0,10.0,10.0,10.0,0.08333333333333333,0.16666666666666666,0.25,0.3333333333333333,0.4166666666666667,0.5,0.5833333333333334,0.6666666666666666,0.75,0.8333333333333334,0.4502154381055714,0.009635016505748205,0.39220862599160117,0.021235390961007464,0.09380217610082021,0.484478842646363,0.8215490634099135,0.05847848505281638,8.333333333333334,0.0,0.0,0.0,0.0,0.0,0.0,0.0,0.0,0.0,0.0,0.0,5.0,-0.7511720496023182,0.053252776122555946,0.559959955307959,0.5704708629732209,0.5599599553079588,0.5704708629732209,0.5928087012402359,0.07050834701287645,0.4742592567900328,0.043832196487314214,0.4742592567900328,0.07050834701287645,0.592808701240236,-37.60972721379764,86.81344913701017,86.67433899544136,-4.29210691307605,109.93115048687012,-167.27292151128617,39.52575680337431,75.59218503621912,28.998321972816072,-125.11445621156683,-104.14309971031102,42.73161427329376,20.0,0.06898788381883358,41.66666666666667,12.9155815,3.4015117500000005,5.452177818181818,0.0,10.0,0.0,5.0,0.0,0.0,10.0,3.0,0.0,10.0,4.0,41.666666666666664,13.461703426054235,62.71820698408582,0.8606041357412115,-0.26246541958041963,8.957750858615155,-5.178520688108535,-539.9334739414885,0.7031132581031879,3.434445854971235,1.0,41.66666666666667,0.0,1.4533476252498694,-0.008250299558426488,15.703977381012038,0.3875281883374989,3.795420088461629,59.973956,14.40521364789808,1.46709150561592,5.492327327894759,13.862788047166987,21.557141819242617,26.05414096021025,28.202566108966305,28.99737082389281,29.058389214719128,28.731176976933966,3.3551257411028277,6.401755247949026,14.649386619959479,22.29673884337436,26.76500651601532,28.885906942785752,29.653379831803463,29.68806877353058,29.336104447718952,2.048428975683136,3.0173682660160015,3.2888920289214885,4.735782501379454,5.695103127661525,6.127586199135598,6.245869417195938,6.2028558544317525,6.082059170032497,5.926760809040262,9.104511252760412,10.816810777903305,22.42763590037184,32.434199634700086,37.54731262783704,39.010884776663524,38.47542075085827,36.99144374777638,35.12649368757558,0.0
200805,2174.609509572484,1.4248697799999999,1.0,19769.177359749854,0.045742771395141026,2.0,9.0,10.0,15.0,0.08333333333333333,0.16666666666666666,0.25,0.3333333333333333,0.4166666666666667,0.5,0.5833333333333334,0.6666666666666666,0.75,0.8333333333333334,0.4502154381055714,0.0003878146538963596,0.5448141912791508,0.03940232792499267,0.09913907171481728,0.38954129172043683,0.7639594131077535,0.07184892360055561,8.333333333333334,0.0,0.0,0.0,0.0,0.0,0.0,0.0,0.0,0.0,0.0,0.0,5.0,-0.7511720496023178,0.24231542434672448,0.5768424847326988,0.80646579183524,0.5768424847326988,0.80646579183524,0.280995352178786,0.026049812941871798,0.3131041281624425,0.021943568547972376,0.31310412816244254,0.026049812941871798,0.280995352178786,-27.96728292167572,136.69495993917855,23.640778995927246,75.7734316534094,-64.33583925082715,-172.15111131516008,303.011575189269,-85.76852152058288,-184.2089999516143,-22.43773841173609,161.19903936450768,-148.534632523799,20.0,0.05727203495760784,41.66666666666667,12.9155815,3.4015117500000005,4.997632363636364,-0.45454545454545453,10.0,0.0,5.0,0.0,0.0,10.0,3.0,0.0,10.0,3.0,41.666666666666664,13.461703426054235,58.61918747049304,0.8606041357412113,-0.5071296013986013,8.957750858615155,-5.178520688108535,-539.9334739414885,0.7031132581031879,3.4344458549712344,1.0,41.66666666666667,0.0,1.4533476252498694,-0.008250299558426488,15.703977381012038,0.3875281883374989,3.795420088461629,54.973956,14.40521364789808,1.6229426684934254,5.528359003687169,13.664084460791797,21.28387687212784,25.79131158649614,27.968428938638013,28.790959051234122,28.874962531457427,28.566139670418853,3.347928335897118,6.587764341029599,14.493006447164476,21.999183783020307,26.449688037208052,28.58983940080857,29.382899826051197,29.44122994213245,29.109350905052242,2.048179349342066,2.928255664569999,3.582720438339023,4.83115221514488,5.564231520273495,5.86466059664982,5.928397731966201,5.868175107980287,5.746525847192,5.597318504747426,8.574681237086287,12.835885739292161,23.34003172589928,30.960672411205085,34.39424391389702,35.14589966838199,34.435479097919455,33.022559312445736,31.329974443587957,0.0
200806,2049.609509572484,1.39986978,1.0,18632.813723386218,0.04438726994066558,10.0,10.0,10.0,10.0,0.08333333333333333,0.16666666666666666,0.25,0.3333333333333333,0.4166666666666667,0.5,0.5833333333333334,0.6666666666666666,0.75,0.8333333333333334,0.39562361775588534,0.0015391933576000883,0.5668034741159077,0.04681979304621703,0.12357496623142065,0.2695296401732089,0.4805368832932941,0.18636015600617722,8.333333333333334,0.0,0.0,0.0,0.0,0.0,0.0,0.0,0.0,0.0,0.0,0.0,4.9902335,-0.3644315471530195,0.06999967790362213,0.5465320698406334,0.49151972811758926,0.5465320698406334,0.4915197281175892,0.3619712242253255,0.08335100262006581,0.23363122822887597,0.015687206703619522,0.23363122822887597,0.08335100262006581,0.3619712242253255,-21.952217402773382,4.408417453023689,35.108843746289494,20.097332992098046,34.39208512955649,22.295539730801497,-3.5930354503960484,-9.45694123428166,-52.38043452358326,21.771243251609224,41.24501291456393,53.5659670050465,20.0,0.03902725086683962,41.66666666666667,12.498914833333332,3.3318864444444434,4.543086909090909,0.0,10.0,0.0,4.986978000000001,0.0,0.0,10.0,2.0,0.0,10.0,3.0,41.666666666666664,13.069077720496335,54.52016795690025,1.1233775421790453,-0.5245210559440554,9.882811317630827,-4.400666114026281,-523.0213487077159,0.805202045308965,3.2151231728491427,1.0,41.66666666666667,0.0,1.347027952605727,-0.007774554179504143,16.256813869879053,0.3223269919979044,3.8181043010181948,49.973956,14.577920453453636,1.5590849544351204,5.519858573840047,13.342540337884829,20.644343379697677,24.937918004538645,26.99623446030357,27.760946320436336,27.822845767452804,27.512291126567927,4.62881570431673,6.960134682030446,14.205419809363631,21.301931162970693,25.54193387590272,27.580996209957185,28.33191068298336,28.379790144036335,28.054493948335743,2.0599710607816997,4.358347040952937,4.239650471065699,4.8755070805175516,5.251986071294803,5.5218322792252845,5.649307647667147,5.659242205666647,5.594795976626447,5.488940486485418,18.995188929383225,17.974636116807602,23.770569292176777,27.58335769307463,30.4906317198943,31.914676897990518,32.027022342398695,31.30174202007548,30.12846766417877,0.0
200807,1974.609509572484,1.32486978,1.0,17950.995541568038,0.03759248353599572,2.0,9.0,10.0,14.986978,0.08333333333333333,0.16666666666666666,0.25,0.3333333333333333,0.4166666666666667,0.5,0.5833333333333334,0.6666666666666666,0.75,0.8333333333333334,0.49670592904742644,0.046704206629204964,0.524707273624859,0.05685479730085003,0.02078186074088042,0.171789943263647,0.5809283398841305,0.192085769348155,8.333333333333334,0.0,0.0,0.0,0.0,0.0,0.0,0.0,0.0,0.0,0.0,0.0,4.9902335,-0.42606601602741057,0.0006906374350638215,0.4787764221354676,0.3742237514548106,0.4787764221354676,0.3742237514548106,0.5279177649236042,0.01271737025969682,0.31762382047294097,0.059012143172263144,0.3176238204729409,0.01271737025969682,0.5279177649236043,-26.6853250056824,3.858632746095668,-70.50329329292538,-67.86349500692123,103.80680752956061,-63.62227301286186,97.82087037192586,-95.42684127422223,87.02894767869313,-14.144861809582462,177.42493492826165,-42.388540151576194,20.0,0.017934270264604535,41.66666666666667,12.082248166666666,3.609664222222222,4.088541454545455,-1.3636363636363635,10.0,0.0,4.986978000000001,0.0,0.0,5.0,2.0,0.0,15.0,2.0,41.666666666666664,12.82773528197295,49.56931184937215,0.6494492601918669,-0.926527895104895,10.251690850782552,-3.9989894297313264,-511.1381270120195,0.7325148968562323,2.818255937792134,1.0,41.66666666666667,0.0,1.2077640390888393,-0.0075848447053118275,16.012736807792518,0.3559370935455094,4.309300604907209,44.973956,18.57007170345364,1.9363117043301263,5.527971244112788,12.930498836206906,19.9002472871544,24.01706957472803,25.996176280842914,26.733654210810286,26.79513355520298,26.49781416260851,4.196521538637395,6.916147228193766,13.827071698691682,20.5895176677066,24.64978705700215,26.606854025782134,27.32822519284728,27.373822803795427,27.06025298817183,2.0551534249145975,3.7231022021859315,4.15627554504203,4.8979701517682095,5.282839738143322,5.549087402287301,5.667759691855257,5.669534789363056,5.598838509229051,5.4884548269732765,13.861490007921732,17.27462640631442,23.990111607612295,27.9083956989062,30.792370998223628,32.123499924619196,32.14362472779799,31.346992652426177,30.12313638772626,0.0
200808,1599.609509572484,1.19986978,1.0,14541.904632477128,0.03828083042546117,2.0,9.0,5.0,10.0,0.08333333333333333,0.16666666666666666,0.25,0.3333333333333333,0.4166666666666667,0.5,0.5833333333333334,0.6666666666666666,0.75,0.8333333333333334,0.49670592904742644,0.006180880394637086,0.7352709217399388,0.3477199979397456,0.029103469653632356,0.07040124496117776,0.497972162071727,0.19783733193210315,8.333333333333334,0.0,0.0,0.0,0.0,0.0,0.0,0.0,0.0,0.0,0.0,0.0,1.2467445000000001,0.2640623512659297,0.11820611939889336,0.6347993945446656,0.9241854125381279,0.6347993945446656,0.9241854125381279,0.021824516944181378,0.27881074835497177,0.3372418884874909,0.050325661220748254,0.3372418884874909,0.27881074835497177,0.021824516944181378,-18.81428230687426,125.63038352637308,45.2450256875516,108.03454116249048,-130.81328582879223,28.911506311223665,19.826091903106565,-85.00043260003143,92.12464557599763,85.02012485111175,-83.44243973789689,-223.42229180565803,20.0,0.01258533948760143,50.0,10.832248166666666,2.9150389166666666,3.6339960000000002,-0.9090909090909091,10.0,0.0,4.986978000000001,0.0,0.0,5.0,2.0,0.0,15.0,2.0,41.666666666666664,11.54559623685038,45.47029233577937,0.6713732069284964,-0.8390242447552443,11.562029408264948,-3.4079045246377473,-449.16112397172225,0.7798716203956856,2.924428552811245,0.0,50.0,0.0,1.2465250437777962,-0.00691095630432088,17.748561054425455,0.3059756258026233,3.9953963658340963,39.973956,15.963192120120304,1.3831726564203546,4.965151457309563,11.854222097320049,18.172687660370375,21.868622049312165,23.630002227375158,24.27449003733589,24.313340680396156,24.032013567250317,2.5825781359820135,6.6988804276552525,12.844376095405543,18.923280539530392,22.546753558984058,24.271840453452725,24.88908006245766,24.90388761388347,24.60044091940577,2.04630335832735,2.180950075307409,4.496917832249032,4.945241727927403,5.276738535913242,5.4881204172191955,5.544838476647387,5.496857264174478,5.391204248025866,5.257757823699243,4.756543230983392,20.222269989999337,24.455415747634408,27.843969576391817,30.119465713898194,30.745233732109313,30.215439782707733,29.065083243932136,27.6440173326706,0.0
200809,1399.609509572484,1.12486978,1.0,12723.72281429531,0.03589450124736577,2.0,9.0,5.0,10.0,0.08333333333333333,0.16666666666666666,0.25,0.3333333333333333,0.4166666666666667,0.5,0.5833333333333334,0.6666666666666666,0.75,0.8333333333333334,0.43266789281484636,0.0015472316292049757,0.7866550687912052,0.4292142411347075,0.05251234386845238,0.058608190790492884,0.31668560191675144,0.07540174414239373,8.333333333333334,0.0,0.0,0.0,0.0,0.0,0.0,0.0,0.0,0.0,0.0,0.0,1.25,0.7539110429161604,0.03743931278536354,0.7144212534319421,0.5024996002343296,0.7144212534319421,0.5024996002343296,0.14900349125243298,0.027954153542470626,0.3174226282923872,0.15701887908516166,0.31742262829238727,0.027954153542470626,0.149003491252433,-12.15557119249795,11.204031487604293,50.50345583379186,7.217967346266375,9.584930875465831,-35.158281221366224,38.349540414763354,25.633201101936976,113.62498314565067,-104.52724054581086,-72.66002917048398,33.0849016710579,20.0,0.011578211109794121,41.66666666666667,9.998914833333332,2.499457416666667,3.1794505454545456,-0.45454545454545453,10.0,0.0,0.0,0.0,0.0,5.0,1.0,0.0,15.0,2.0,33.333333333333336,10.79972804276603,41.37127282218658,0.9190589134879558,-0.8738982167832173,10.304470124310333,-3.1550024427203547,-453.74225106889105,0.7828502684963384,3.471714785413462,1.0,41.66666666666667,0.0,1.372199475883611,-0.007557701078926112,15.792277019773223,0.2086633661989441,4.081155222906088,34.973956,16.655827953453638,1.2184394242081227,4.598411005875203,10.973138907207767,16.81394008392626,20.228785662673513,21.85546899890358,22.45003529600018,22.485024280606364,22.22423804093194,3.901191240656026,6.565407191269895,12.103591150618767,17.65103525874385,20.954190740528393,22.52238828723425,23.077209657148337,23.080826260048237,22.793431130889587,2.059565134063363,3.7060354107464595,4.68606314599198,5.1075572698169625,5.371262845882369,5.465742420207925,5.440261850215571,5.343549454091957,5.210395757240952,5.061990341614686,13.73469846570668,21.959187808224257,26.0871412644601,28.85046455955637,29.87434020406039,29.596448998910954,28.55352076832645,27.14822394707451,25.623746218600363,0.0
200810,1399.2772541161453,1.049786647025,1.0,12720.702310146775,0.03445038640444531,2.0,9.0,5.0,10.0,0.08333333333333333,0.16666666666666666,0.25,0.3333333333333333,0.4166666666666667,0.5,0.5833333333333334,0.6666666666666666,0.75,0.8333333333333334,0.5289429456511299,0.09875653206470832,0.6510984429007962,0.14805665621392833,0.09831121882300893,0.04889867014120208,0.13793793735404095,3.1553987268031194e-09,8.333333333333334,0.0,0.0,0.0,0.0,0.0,0.0,0.0,0.0,0.0,0.0,0.0,1.2624699462500004,0.7551516480717186,0.020854300869865373,0.5423777068457123,0.44166875039291886,0.5423777068457123,0.44166875039291886,0.19417704180890527,0.1667232413565714,0.28071873113516876,0.251320694685476,0.28071873113516876,0.1667232413565714,0.19417704180890527,-31.905543862035152,40.210578857551006,236.93834787367794,65.7266771686829,-38.203639630552935,-7.854461773551885,30.921468840994546,49.841662185987694,10.953009702674581,-145.67751728370655,-35.02750522667605,83.66616443775004,20.0,0.017625463949163638,41.66666666666667,9.99752928375,2.5011239549999997,2.7233935822727275,-0.9106024177272727,10.0,0.008313297499999983,0.0,0.0,0.0,5.0,1.0,0.0,15.0,1.0,41.66666666666667,10.798446084646258,36.404114042840504,0.920075907490933,-0.8744466382692306,10.308828824017471,-3.154278234389757,-453.61472120904887,0.7829182911829807,3.469808447781765,1.0,41.66666666666667,0.0,1.3717237766129817,-0.007555459461933868,15.79729377385406,0.20874938910338936,4.081157441654673,29.957329405000003,16.655846063573318,1.511446455829299,4.292487295061391,10.351233888394342,16.0826851103798,19.474895704928787,21.111826511435723,21.72853767782998,21.789250879825488,21.55439489721735,3.908865252946218,6.080054543912259,11.391473941285685,16.79261172108245,20.061779134744512,21.64783072743861,22.237060478186965,22.27825257047954,22.02696856776508,2.060739574405372,3.6048241533882552,4.305997686795087,4.755800200044926,4.831050409114317,4.816992768669757,4.787416480198365,4.728372774397936,4.642099060780845,4.538216048197959,12.994757176851351,18.541616078684644,22.61763554274736,23.339048055403605,23.20341933341673,22.9193565548749,22.357509093667634,21.549083690102407,20.595404900121498,0.0
200811,1024.2772541161453,0.97470351405,2.0,9311.611401055867,0.03999197422912419,2.0,9.0,5.0,10.0,0.08333333333333333,0.16666666666666666,0.25,0.3333333333333333,0.4166666666666667,0.5,0.5833333333333334,0.6666666666666666,0.75,0.8333333333333334,0.4535095090581451,0.003473891216714578,0.529822814422559,0.032554202794948764,0.18763328353392686,0.08444220438763071,0.1068056245450279,0.018834425008906242,8.333333333333334,0.0,0.0,0.0,0.0,0.0,0.0,0.0,0.0,0.0,0.0,0.0,5.0,-0.5226597914316975,0.1686250206589181,0.9184716583850119,0.30759281118283255,0.9184716583850121,0.3075928111828325,0.3876217359899384,0.07448700049680432,0.2273510706813353,0.08925617379024459,0.22735107068133523,0.07448700049680432,0.3876217359899384,1.9048827760643752,-18.060947948890522,-150.92016754467454,86.38542052297603,-12.72026618227834,46.351605469299294,38.90457466198277,-64.89539718301307,-124.34798555407949,-56.67306243576443,244.42825960017495,50.758775839208994,14.986978,0.037975854210585566,41.66666666666667,8.74752928375,2.4983528558333337,2.2673366190909094,-0.45454545454545453,10.0,0.008313297499999983,0.0,0.0,0.0,5.0,0.0,0.0,9.986978,2.0,33.333333333333336,9.238854790666,31.43695526349442,0.1461117186868407,-0.6120015431993006,8.67667745014658,-4.051448285861,-396.55236181868236,0.7194758496760902,4.0380742231112725,1.0,41.66666666666667,0.0,1.543713046302409,-0.008394851597067468,14.534070091959979,0.17640937069622198,2.9727376730798696,24.940702810000005,8.837169272948318,1.3543134037462636,3.9404308017024685,9.25468564730507,14.31662479308792,17.31748937069911,18.765437201081333,19.30984177566746,19.361690723378448,19.151712783683028,3.9318976055955575,5.527093683494026,10.234744270075256,14.954546676573482,17.82975321449814,19.22683613112094,19.74426566851628,19.777433128624146,19.55215271434357,2.074104470108242,3.6912943509453817,3.875792781240244,4.370444353083999,4.321194376067248,4.2431900246901675,4.186835829746678,4.118984994830429,4.033831118111025,3.9368227311278203,13.625653985321286,15.021769683113986,19.10078384340382,18.672720835755214,18.004661585630142,17.529594265250555,16.966037387638227,16.271793489440842,15.49857321632471,0.0
200812,1024.2772541161453,0.92476862405,1.0,9311.611401055867,0.041707552166422884,2.0,9.0,5.0,10.0,0.08333333333333333,0.16666666666666666,0.25,0.3333333333333333,0.4166666666666667,0.5,0.5833333333333334,0.6666666666666666,0.75,0.8333333333333334,0.4535095090581451,0.04655567191024833,0.3589209221345246,0.06942042797114044,0.07679602217525942,0.04174617065919971,0.07455956382344885,0.11117412158674451,8.333333333333334,0.0,0.0,0.0,0.0,0.0,0.0,0.0,0.0,0.0,0.0,0.0,5.0,-0.5226597914316979,0.10202028948125019,0.606869989654919,0.37460525570109043,0.6068699896549191,0.37460525570109043,0.3169480530973178,0.2572253273757463,0.14366848968009285,0.10090035651413687,0.14366848968009285,0.2572253273757463,0.3169480530973178,-26.269355875634812,11.978341494248152,267.19742191032606,18.05144730638072,-2.910781872241125,50.9707488817048,-25.262100083982073,-145.51589800812792,-82.08793090348946,93.25433907759985,203.39848370438074,-94.8420133233978,14.986978,0.04384380436872415,41.66666666666667,8.74752928375,2.4983528558333337,2.2685204372727275,-0.4533616363636364,10.0,0.008313297499999983,0.0,0.0,0.0,5.0,1.0,0.0,9.986978,1.0,50.0,9.238854790666,31.4497237439112,0.14611171868684067,-0.5068991054720277,8.676677450146578,-4.051448285861,-396.55236181868236,0.7194758496760902,4.0380742231112725,1.0,41.66666666666667,0.0,1.5437130463024085,-0.00839485159706747,14.534070091959979,0.17640937069622198,2.97273767307987,24.95372481,8.83716927294832,1.3544163628219215,3.886167826878852,8.994207073209362,13.901332694286948,16.825621750255745,18.24266862248243,18.779448314339188,18.83520914850813,18.63473674247454,3.4172737633200216,5.882026227032637,9.915728123828524,14.335446610453006,17.148055746708533,18.548316296671132,19.087582693789614,19.14711543753581,18.948103134441013,2.0765406691375556,3.1374059809969794,4.415419816600853,4.1744344946249505,3.501139649299556,3.309723343354285,3.353368302416388,3.415865059003334,3.441936360579289,3.431792378930134,9.84331628959562,19.495932156831504,17.425903349914662,12.257978843897419,10.954268609544267,11.245078971650967,11.668134101319849,11.846925910277804,11.777198932082948,0.0
200901,855.9177445436613,0.8873337340499999,1.0,7781.070404942376,0.047797723349344574,2.0,9.0,5.0,10.0,0.08333333333333333,0.16666666666666666,0.25,0.3333333333333333,0.4166666666666667,0.5,0.5833333333333334,0.6666666666666666,0.75,0.8333333333333334,0.4535095090581451,0.0047350649269854665,0.24287939463366634,0.14036603432590322,0.03835851562213658,0.0642200632133285,0.08818523181629455,0.11777811851494048,8.333333333333334,0.0,0.0,0.0,0.0,0.0,0.0,0.0,0.0,0.0,0.0,0.0,5.0,-1.6310192334284288,0.1836838246550267,0.6077783967161788,0.6462382403388258,0.607778396716179,0.6462382403388258,0.16980301015927957,0.3053697934426389,0.025807672901178615,0.27988078746055256,0.02580767290117858,0.3053697934426389,0.16980301015927957,-13.053382745507902,36.6694462931416,-131.86046240308917,84.17329245379936,-6.622153348399871,-2.3783013299308324,-209.24018204232064,-42.98185596531272,198.60764685018506,159.22001809022677,-151.11433456177426,197.76139644482402,10.0,0.05016592209855096,50.0,8.123614450416666,2.1863453753472224,2.0424315281818184,-0.22727272727272727,9.991686702500001,0.008313297499999983,0.0,0.0,0.0,5.0,1.0,0.0,5.0,2.0,50.0,8.445500500975166,29.05605511430244,-0.5147366518586809,-0.27126969571678294,9.550260481423232,-4.4563417756302846,-343.6395368346727,0.7626753548538672,3.890220213977486,0.0,50.0,0.0,1.5592127461944048,-0.007945580323839477,16.56594588204215,0.28023661395556,2.3094083599383834,22.46674681,5.333366972953294,1.271949215688652,3.781281437243518,8.618529789332063,13.111340053332478,15.75080072314551,17.01048079632953,17.470997589597147,17.497504696275392,17.29438323514596,3.104681722258488,6.129005476959423,9.382127294829653,13.348174723746673,15.937178940695796,17.22764339869673,17.721294761832706,17.771229638576386,17.582513077189827,2.0812101024619265,2.8321712146752276,4.8235483649442354,3.70745962173338,2.503303909146685,2.430215868501482,2.726763677028742,2.9679169900875095,3.1070777703231798,3.1700275433272687,8.021193789234955,23.266618828956208,13.745256846783418,6.266530461549075,5.905949167516412,7.435240150363306,8.808531260050101,9.653932270836462,10.04907462545352,0.0
200902,780.9177445436612,0.84983373405,1.0,7099.252223124193,0.04622989088198116,2.0,9.0,5.0,10.0,0.08333333333333333,0.16666666666666666,0.25,0.3333333333333333,0.4166666666666667,0.5,0.5833333333333334,0.6666666666666666,0.75,0.8333333333333334,0.46026211468500255,0.004735064926985539,0.08976521230551895,0.2580484967779414,0.04838431506935373,0.08781605760453222,0.0950082998577406,0.09640732285377539,16.666666666666668,0.0,0.0,0.0,0.0,0.0,0.0,0.0,0.0,0.0,0.0,0.0,5.0,-1.8798981700038058,0.23548944855190063,0.7200496405569377,0.5085746976542531,0.7200496405569377,0.5085746976542531,0.19728579429712167,0.07891754322614344,0.17215269205293263,0.34169954183266676,0.1721526920529326,0.07891754322614344,0.19728579429712167,-13.85132213179944,48.92800620596169,-114.20855207610276,20.117083439131584,-51.615538531596876,-98.60004832947357,-76.74144025476471,197.8960416962228,155.43029583564444,-185.53984603443283,276.3890953246799,-43.657337420790256,10.0,0.027756715790915445,50.0,7.7069477837500004,2.290281117083333,2.2697042554545455,-0.45454545454545453,8.741686702500001,1.258313297499999,2.5,0.0,0.0,5.0,1.0,0.0,5.0,2.0,50.0,8.066999362338624,30.74863751786969,-0.16687319685120305,-0.30611846078671306,9.775850305923429,-4.244192253040949,-327.97487940570954,0.834353741023338,3.5071374893189873,2.0,50.0,0.0,1.4159776098476609,-0.007829562699810805,16.034515287909606,0.42400801058063753,2.383156430141072,24.96674681,5.679434570522738,1.2360195499011535,3.7979869710016723,8.389635933914429,12.605261150097872,15.070301768339228,16.23854715627974,16.65724831061204,16.669731624884104,16.467913787893796,2.9933950810235195,6.011678315165218,8.96005485070517,12.75135286760146,15.216844508568027,16.438353341143625,16.90078765265889,16.94208493742475,16.757583933647094,2.0854298438611734,2.7262923143635844,4.6599969026952435,3.1458849031738323,1.9246795296675374,2.1067418942833074,2.555199957257138,2.8587938013924026,3.025605655278511,3.102327314730782,7.432669783357951,21.71557113312926,9.896591824017031,3.704391291921253,4.438361409128419,6.5290468215668795,8.172701998879623,9.154289581253309,9.624434767724706,0.0
200903,780.9177445436612,0.8248337340499998,1.0,7099.252223124193,0.05159642606938729,10.0,10.0,10.0,10.0,0.08333333333333333,0.16666666666666666,0.25,0.3333333333333333,0.4166666666666667,0.5,0.5833333333333334,0.6666666666666666,0.75,0.8333333333333334,0.46026211468500255,0.011684641036553438,0.06975187283656804,0.19025624853152395,0.02258195280806606,0.14929987337456105,0.20766092153248933,0.039659885100159976,16.666666666666668,0.0,0.0,0.0,0.0,0.0,0.0,0.0,0.0,0.0,0.0,0.0,5.0,-1.8798981700038058,0.2031040508853981,0.5303468403212706,0.5313215852880536,0.5303468403212706,0.5313215852880536,0.20398071371811924,0.05833152081935357,0.24984653580882477,0.29548436083453306,0.24984653580882477,0.05833152081935357,0.20398071371811927,-21.36124454567213,-5.817010104886738,269.7385334276477,14.758604001377092,-78.52718402116045,-39.49333843938523,40.05906885720148,140.3767201248656,-65.104755438638,150.87678843221912,-72.80801562339506,22.769009447566297,10.0,0.03698422100634118,50.0,7.7069477837500004,2.2902811170833335,2.72424971,0.0,8.741686702500001,1.258313297499999,2.5,0.0,0.0,5.0,2.0,0.0,5.0,2.0,50.0,8.066999362338624,34.847657031462475,-0.16687319685120303,-0.11369449858391602,9.775850305923433,-4.244192253040948,-327.97487940570954,0.834353741023338,3.5071374893189855,2.0,50.0,0.0,1.41597760984766,-0.007829562699810803,16.034515287909606,0.42400801058063764,2.383156430141072,29.96674681,5.679434570522738,1.0787719599026546,3.5552599828151035,8.074294336343668,12.302120115379124,14.79669858185165,15.991971267249307,16.432579056773758,16.462575165362406,16.274926551642757,3.1853474764653065,5.250711395722325,8.459773490450013,12.407440691009821,14.91842491658698,16.16469880065016,16.64594957863012,16.702847822090405,16.53160574362362,2.080232336305134,2.997113545455307,3.8639483194993485,2.5245867938752573,1.6132033869635243,1.9018709392786177,2.356765220214625,2.656686454434675,2.82289643676547,2.901853580255736,8.982689604351679,14.930096615761839,6.373538479809351,2.6024251677105865,3.617113069672532,5.55434230321329,7.057982917176684,7.968744292703188,8.420754201243032,0.0
200904,905.9177445436612,0.84983373405,1.0,8235.615859487829,0.06428109790091044,2.0,9.0,5.0,10.0,0.08333333333333333,0.16666666666666666,0.25,0.3333333333333333,0.4166666666666667,0.5,0.5833333333333334,0.6666666666666666,0.75,0.8333333333333334,0.5441690935750815,0.016316836498744818,0.23062549396219395,0.28673592119585134,0.02879283138554034,0.28783585789967114,0.049326706507564336,0.14631804767313417,16.666666666666668,0.0,0.0,0.0,0.0,0.0,0.0,0.0,0.0,0.0,0.0,0.0,5.0,-0.4390472390705198,0.08125859700984764,0.553983353129041,0.35954400915168283,0.553983353129041,0.35954400915168283,0.17776352150444136,0.29702172618221795,0.09839697140042084,0.4005250882143597,0.09839697140042084,0.29702172618221795,0.17776352150444136,-23.85879471409581,-41.707729441435326,215.5916722422644,91.07322738207253,-40.10792073327896,40.58964568316636,46.08163458741974,-29.02199613159006,153.92376367844608,-205.68772435868618,-85.73195002443923,290.18764595279396,15.0,0.025167618276517815,50.0,8.123614450416667,2.70694778375,3.178795164545455,0.45454545454545453,8.741686702500001,2.5,4.983373405,0.0,0.0,5.0,2.0,0.0,10.0,2.0,50.0,8.68867915040246,38.94667654505526,0.5845010998394102,0.2710371559265735,10.583589198310712,-3.3250057918554163,-357.98346824631244,0.8029394544382104,3.481204894206817,2.0,50.0,0.0,1.363561147706784,-0.007414154126583059,16.23349322421462,0.34362245833453287,3.0822124585466133,34.966746810000004,9.500033639619959,1.2582173318172152,3.367672021047278,7.952679219600466,12.431308651262208,15.121889210085156,16.437707142353783,16.946666798251837,17.013042061025434,16.8426662050821,4.53229924858425,4.7201950860130015,8.390040384476547,12.66640808402236,15.34200486329974,16.68120883257382,17.21326576790528,17.29551127563766,17.134327097688697,2.0785560999570376,4.354150390676937,3.3074199625503606,2.6735128358177516,2.4290860355368924,2.589513456891681,2.839808447439748,3.017781109618213,3.113054788385324,3.1479771591888226,18.958625624632123,10.939026808676628,7.147670883282276,5.900458968040337,6.705579943423104,8.064512018150152,9.107002825568534,9.691110115488796,9.909760194774531,0.0
200905,830.9177445436612,0.84983373405,1.0,7553.797677669648,0.06369368102833374,2.0,9.0,5.0,10.0,0.08333333333333333,0.16666666666666666,0.25,0.3333333333333333,0.4166666666666667,0.5,0.5833333333333334,0.6666666666666666,0.75,0.8333333333333334,0.5289429456511299,0.0008719085705040434,0.22291108590735353,0.24700075842586883,0.11788919372570314,0.4742037534864767,0.010055376179781524,0.18909465986867854,16.666666666666668,0.0,0.0,0.0,0.0,0.0,0.0,0.0,0.0,0.0,0.0,0.0,5.0,-0.19689650592443897,0.14441073348720948,0.686703617324472,0.31673773900021135,0.686703617324472,0.31673773900021135,0.17381260559983605,0.38949177148518166,0.10891807700465436,0.5702275377102485,0.10891807700465442,0.38949177148518166,0.17381260559983597,-37.44371120575535,-45.26432199409635,-235.5459707298813,-122.89085926908359,34.557793403001,121.16394076009331,-31.57288411343315,241.85176360815592,-91.18148398097408,-1.8452548937436335,242.95114427873887,207.00690207489419,15.0,0.029530242709661488,50.0,7.7069477837500004,2.741439081041667,4.087886073636364,-0.45454545454545453,6.25,1.25,4.983373405,0.0,0.0,5.0,2.0,0.0,10.0,3.0,33.33333333333333,8.321246624072527,47.99655216617615,0.8546375085503738,0.23618839085664342,12.874457320885424,-3.040197976850824,-309.8470048105702,0.7678347352432324,2.5065965390700695,2.0,50.0,0.0,1.0372365164851876,-0.006235993377830351,18.055720226692372,0.49338215031937194,3.137849779257988,44.966746810000004,9.846101237189405,1.492680278536459,3.482405712984763,7.971828070950899,12.306408364823673,14.87906850381419,16.119901918760025,16.585653078959798,16.62895725402154,16.447777867349924,4.1889697612530234,4.576277802810809,8.46790026843389,12.67743769533506,15.236861337764942,16.485442888977314,16.957592577903796,17.002646602348182,16.819386658439,2.079745080325745,3.913997093351058,2.9690350248304593,2.8557472162889415,3.044624718631219,3.2825697075737184,3.4523310060435284,3.5321463704904996,3.545105376186528,3.516016324249621,15.319373246760533,8.815168978670007,8.155292163342038,9.26973967730023,10.775263885080607,11.91858937528952,12.476057982569209,12.567772128266625,12.362370792389816,0.0
200906,955.9177445436612,0.87483373405,1.0,8690.161314033285,0.07360992380144685,2.0,9.0,5.0,10.0,0.08333333333333333,0.16666666666666666,0.25,0.3333333333333333,0.4166666666666667,0.5,0.5833333333333334,0.6666666666666666,0.75,0.8333333333333334,0.546490490941855,0.004717104099053389,0.22713059699869104,0.1293932719284163,0.07497965215920284,0.6960338610447,0.0648798328794816,0.33516454371994486,8.333333333333334,0.0,0.0,0.0,0.0,0.0,0.0,0.0,0.0,0.0,0.0,0.0,5.0,-0.7336020399736167,0.03184569593519103,0.2837811993734295,0.7559043154747473,0.2837811993734295,0.7559043154747475,0.263820842898301,0.007517020010009261,0.0445847207003955,0.6302713533846187,0.044584720700395486,0.007517020010009261,0.263820842898301,-64.97870956049624,3.726625545480835,133.40084637642326,-4.47540764719575,155.26034020672932,27.862385744023644,-145.92178768981384,18.551072969323823,-145.0674336066957,300.83861611615504,102.68216152965047,62.95907118448,15.0,0.029787255159440276,50.0,8.123614450416667,3.227550192152778,4.542431528181819,0.9090909090909091,6.25,1.25,4.983373405,0.0,0.0,5.0,3.0,0.0,10.0,3.0,41.666666666666664,8.925234565282029,52.947408273704255,0.8029822418638499,0.6209200453671327,14.418161847016874,-2.7261900266923704,-308.84305089924703,0.7379357777062445,2.0786633657182763,1.0,50.0,0.0,0.8637708696420215,-0.005442088192962746,19.087615953326367,0.500802998277823,3.6968500519072487,49.966746810000004,13.666700306286627,0.8769582518183919,3.3719529175575897,8.21192690493193,12.812763319553534,15.552561686088128,16.883235255666147,17.39133239660523,17.44974557666522,17.26836384369025,2.799601946889847,5.078703862618836,9.09707881128291,13.464927571492694,16.151878679760877,17.46245167272161,17.95515773132832,17.99809602964027,17.800869247900845,2.062588343831808,2.658705565796456,3.797784412779949,3.9142175982880136,4.139730742771522,4.3590147838860975,4.460222609239303,4.464218478935423,4.408836581435689,4.321406731932708,7.068715285597052,14.423166445954342,15.321099406747587,17.137370622647655,19.00100988613756,19.89358572396946,19.9292466276685,19.43784000180553,18.674556142793328,0.0
200907,955.9177445436612,0.92483373405,1.0,8690.161314033285,0.06674826914248051,5.0,5.0,5.0,5.0,0.08333333333333333,0.16666666666666666,0.25,0.3333333333333333,0.4166666666666667,0.5,0.5833333333333334,0.6666666666666666,0.75,0.8333333333333334,0.546490490941855,0.021682149410781722,0.20268401815913273,0.11547536048523957,0.03182442236705098,0.5405954893325413,0.24359275262230273,0.5710328015203419,8.333333333333334,0.0,0.0,0.0,0.0,0.0,0.0,0.0,0.0,0.0,0.0,0.0,5.0,-0.7336020399736167,0.18149405352521014,0.31922333222974447,0.8027800327103063,0.31922333222974447,0.8027800327103063,0.39593685226541364,0.10586630331877703,0.0719462243863599,0.6923315177892101,0.07194622438635995,0.10586630331877703,0.39593685226541353,-56.66124117913778,96.01571568763904,-145.0069836701426,-49.45357099614922,99.89732612155045,-151.9679493787013,-69.13965103866627,305.2644072478094,170.52177517007843,133.50858051984912,-208.2392665439134,-13.867697863487917,15.0,0.03933253360532834,50.0,8.123614450416667,3.227550192152778,5.451522437272728,0.0,6.25,1.25,5.0,0.0,0.0,5.0,3.0,0.0,10.0,4.0,41.666666666666664,8.925234565282029,61.997283894825145,0.8029822418638499,0.3587985530244757,14.418161847016874,-2.7261900266923704,-308.84305089924703,0.7379357777062445,2.0786633657182763,1.0,50.0,0.0,0.8637708696420215,-0.005442088192962746,19.087615953326367,0.500802998277823,3.6968500519072487,59.966746810000004,13.666700306286627,1.1885902157708437,3.7234608905402165,8.747888402141939,13.378242415356915,16.094386652237983,17.39134139170725,17.86714715610651,17.897097455634086,17.691098817844296,3.2232022807503258,5.27863122368043,9.499680264626168,13.944753133713277,16.633914279288028,17.923471210574228,18.39070339934487,18.409298207611748,18.190231786651683,2.0715602935750645,2.9960451000624007,3.7416288688526294,3.7038322901824903,3.9343067796184172,4.202121195178219,4.334981526301253,4.3569512304718465,4.312326884677577,4.231968226414454,8.97628624160792,13.999786592231407,13.71837363379847,15.478769836151441,17.657822538966023,18.792064833373143,18.983024024710137,18.596163160313015,17.909555069381494,0.0
200908,955.9177445436612,0.92483373405,1.0,8690.161314033285,0.05988661448351416,5.0,5.0,5.0,5.0,0.08333333333333333,0.16666666666666666,0.25,0.3333333333333333,0.4166666666666667,0.5,0.5833333333333334,0.6666666666666666,0.75,0.8333333333333334,0.546490490941855,0.011684641036553346,0.17263412389011334,0.18753347218583738,0.003916494514474976,0.7902492268983947,0.21117206398369495,0.38235463587713153,8.333333333333334,0.0,0.0,0.0,0.0,0.0,0.0,0.0,0.0,0.0,0.0,0.0,5.0,-0.7336020399736176,0.08571744717933034,0.29755498313552586,0.7581401200325972,0.29755498313552586,0.758140120032597,0.4060788100358397,0.02665720543247144,0.009777549603608585,0.7289733455825941,0.009777549603608585,0.02665720543247144,0.4060788100358397,-51.54798139447805,92.98923173439857,-148.07626826791613,-67.88470077188528,59.3574334609226,-154.49072737428511,59.64772112090904,426.6313407752311,9.72061596828249,-30.591469559395282,-64.45618323101715,-70.76022063117016,15.0,0.047206547003928304,50.0,8.123614450416667,3.227550192152778,5.451522437272728,0.0,6.25,1.25,5.0,0.0,0.0,5.0,3.0,0.0,10.0,4.0,41.666666666666664,8.925234565282029,61.997283894825145,0.8029822418638498,0.09667706068181796,14.418161847016874,-2.7261900266923704,-308.84305089924703,0.7379357777062445,2.0786633657182763,1.0,50.0,0.0,0.8637708696420215,-0.005442088192962748,19.087615953326367,0.5008029982778233,3.6968500519072487,59.966746810000004,13.666700306286629,0.9605748402303799,3.748978704625081,8.948764169714961,13.666474289343768,16.40726648928158,17.70451418438961,18.17205352201233,18.191093662080007,17.973780895231048,3.150575296504607,4.960353508119404,9.543654051254464,14.16831988030432,16.901749508819226,18.194811333478363,18.653762786683743,18.661120624394613,18.4306746810662,2.068277890471091,3.0005700583824853,3.2481172389216684,3.3167683797412586,3.7374816025409916,4.0584162931578005,4.195394731800552,4.211809218730888,4.161914743917574,4.078353776895991,9.003420675261472,10.550265597780124,11.000952484851453,13.96876872933238,16.4707428085687,17.60133695561983,17.739336894986497,17.321534335638486,16.632969529521795,0.0
200909,1155.9177445436612,0.949916867025,1.0,10508.343132215103,0.06288293465786003,2.0,9.0,5.0,10.0,0.08333333333333333,0.16666666666666666,0.25,0.3333333333333333,0.4166666666666667,0.5,0.5833333333333334,0.6666666666666666,0.75,0.8333333333333334,0.5731120392262111,0.0023665724014568746,0.06171948552836931,0.2568731901260002,0.05153176874236852,1.1261985788095574,0.3662856007717927,0.1417124313860059,16.666666666666668,0.0,0.0,0.0,0.0,0.0,0.0,0.0,0.0,0.0,0.0,0.0,6.25,-1.3170529200475407,0.10398842142882343,0.19618272935156578,0.501871086579481,0.19618272935156578,0.501871086579481,0.4926005007275075,0.0816799478629793,0.21611020767117042,0.4984274649676329,0.2161102076711704,0.0816799478629793,0.49260050072750744,-51.529385938722484,3.5735592686967776,230.91527003098201,136.14684212007745,21.02422584712556,-111.19910146582744,84.33667477475338,272.76519191176834,-136.34631130723238,31.309796720115358,-129.25030380562433,140.31070725254403,15.0,0.046492202043755225,50.0,8.956947783750001,3.5402811170833335,5.907579400454546,0.45605696318181815,8.741686702500001,3.741686702500001,5.0,0.0,0.0,5.0,3.0,0.0,10.0,3.0,41.666666666666664,9.814605377292139,66.96444267417122,0.4547709833480353,0.21917095295454542,13.367038522208267,-3.110010397709262,-348.9294481543891,0.6899488962635012,2.113082492116825,2.0,50.0,0.0,0.8427681265805046,-0.005982665902864317,17.714256527843595,0.6405633354273055,4.0124263371615605,64.98337340500001,16.09956511114774,0.9485031290376656,3.5170736962047413,9.057837206105686,14.279031462044825,17.375213154287493,18.877235504020526,19.45185510856938,19.520298819450698,19.31902445540913,3.746608285725998,3.8996236319597255,9.422148959927975,14.708377113404605,17.81222146273708,19.309691835880347,19.87544421358108,19.933016428925963,19.72005404585549,2.0626586004987315,3.624557277913602,1.6844159481563572,2.594701557165944,3.527834720626591,3.9213774723515806,4.063764083016033,4.081496725760909,4.035229603775243,3.956744326181008,13.137415460876461,2.8372570864034796,6.732476170759376,12.4456178160585,15.37720128066647,16.514178522411143,16.65861552239702,16.28307795518411,15.6558256627656,0.0
200910,1081.25,0.9750000000000001,1.0,9829.545454545454,0.06,5.0,5.0,5.0,5.0,0.08333333333333333,0.16666666666666666,0.25,0.3333333333333333,0.4166666666666667,0.5,0.5833333333333334,0.6666666666666666,0.75,0.8333333333333334,0.48245245470927484,0.01630015432098768,0.054562107627852206,0.22608560528120697,0.05872770919067218,1.028983410493827,0.8090674362678955,0.019815243484224945,8.333333333333334,0.0,0.0,0.0,0.0,0.0,0.0,0.0,0.0,0.0,0.0,0.0,6.25,-1.249684345457458,0.03133820675880034,0.22429034316189939,0.306968153289826,0.22429034316189936,0.306968153289826,0.7481493071667131,0.02667388743206917,0.25343804084439026,0.3028325432152671,0.25343804084439026,0.02667388743206917,0.7481493071667129,-60.001061900368406,4.207529640442647,-95.86465003688296,-94.03763929990018,152.78317940127408,23.135478944630147,238.00637584714215,18.43813829399797,-169.48463553566788,-143.12071805031553,241.9796749695392,75.06802174335326,15.0,0.06329684379152363,41.66666666666667,8.541666666666666,3.7152777777777772,6.363636363636363,0.0,6.25,1.25,5.0,0.0,0.0,5.0,2.0,0.0,10.0,4.0,41.666666666666664,9.492321458245431,71.93160145351732,0.6417450385162916,0.11363636363636365,13.37050012209576,-2.9173186501831525,-339.75532134947684,0.6738037742555858,1.9640682430208645,1.0,41.66666666666667,0.0,0.7824441092248964,-0.0059808856514936065,17.395408071263443,0.5048865477773576,4.140543107156623,70.0,17.14409722222222,1.2585071429119747,3.590729164319598,8.896461277352296,13.994834915367315,17.034553659088587,18.514213448715253,19.083245851157503,19.154304905459906,18.95959880954648,4.597199737404681,3.967441090465934,9.504627743215238,14.601564275087574,17.580757290986035,19.01124469729164,19.543054361481126,19.584890805765465,19.366320862653552,2.0771535294105936,4.421584014449256,1.687380477196,3.345284035424781,4.165366126900445,4.34821901014546,4.318718017619436,4.214344736739797,4.084183083853018,3.948163717007435,19.550405196833204,2.8472528748222,11.190925277667906,17.350274971129615,18.907008560190363,18.651325315710753,17.760701560086428,16.68055146243115,15.587996736293965,0.0
200911,1456.25,1.0250000000000001,1.0,13238.636363636364,0.0675107296137339,2.0,9.0,5.0,15.0,0.08333333333333333,0.16666666666666666,0.25,0.3333333333333333,0.4166666666666667,0.5,0.5833333333333334,0.6666666666666666,0.75,0.8333333333333334,0.5731120392262111,0.004726080246913532,0.022732220891296274,0.5689996999314131,0.08316186556927306,0.5735435956790121,1.7697810678604193,0.03241812414266124,16.666666666666668,0.0,0.0,0.0,0.0,0.0,0.0,0.0,0.0,0.0,0.0,0.0,10.0,-0.980442233630999,0.04847120669263614,0.2682543373245909,0.4429637248842787,0.268254337324591,0.44296372488427865,0.20304728106797088,0.029636949229532795,0.47879493560238384,0.20241899365767882,0.47879493560238384,0.029636949229532795,0.20304728106797088,-55.66393548116836,36.330841609319684,271.80684672884115,177.37280416270062,53.85383579313624,-139.47707405959954,44.291806563995884,-62.83762897950313,-9.878197855287798,113.8632980245811,116.5729713920223,-41.472573635134566,20.0,0.05349092885147725,41.66666666666667,9.791666666666666,4.375,7.2727272727272725,0.9090909090909091,8.75,3.75,10.0,0.0,0.0,5.0,3.0,0.0,15.0,3.0,33.33333333333333,11.016086722001905,81.86587831829743,0.5997798610999031,0.3933566433566435,13.754457461022696,-2.8411809520662685,-384.8761546027704,0.6423128968447954,1.9395284527210543,2.0,41.66666666666667,0.0,0.7727899886520092,-0.005783421877188327,17.65140533420262,0.6503331364566896,5.047517266494049,80.0,25.477430555555554,1.1532610716126614,3.749811868645871,9.616734559100125,15.251829614421952,18.598914649747726,20.224598942633015,20.849176125835676,20.927476556423837,20.71464681632405,4.261812168100224,5.332490992877999,10.11066408310954,15.611500827720183,18.968483489063644,20.617148687211344,21.257207238316028,21.34259708966861,21.13075350393259,2.067827589365561,4.102807801600015,3.7913547893711512,3.121529211987391,3.3317640232389594,3.726089065800689,4.004050149564545,4.144962538624335,4.188934889952555,4.172786948660972,16.833031856869948,14.374371138887566,9.743944621290622,11.100651506549456,13.88373972627945,16.03241760022786,17.180714446599094,17.547175512261827,17.412150918915348,0.0
200912,1356.25,1.0375,1.0,12329.545454545454,0.062488479262672814,2.0,9.0,5.0,15.0,0.08333333333333333,0.16666666666666666,0.25,0.3333333333333333,0.4166666666666667,0.5,0.5833333333333334,0.6666666666666666,0.75,0.8333333333333334,0.6196025301680662,0.02170138888888879,0.0034073202465554646,0.6238479509602196,0.09987997256515782,0.11038773148148127,3.0343477380524844,0.24435228052126215,16.666666666666668,0.0,0.0,0.0,0.0,0.0,1.0,0.0,0.0,0.0,0.0,0.0,10.0,-0.9407692645059424,0.1467537144481256,0.2682147548920867,0.6260578239939762,0.2682147548920868,0.6260578239939762,0.06322880449460422,0.04869453091801574,0.5564261990096954,0.012000589884052984,0.5564261990096954,0.04869453091801574,0.06322880449460425,-45.91119609306907,73.44499357598708,-52.76484922569008,-177.1335078873629,-51.83232071355201,-60.157319377134435,274.9839020882163,-23.84082338996694,179.16535545429952,140.62282687182778,-85.52377989640992,-22.29337495452676,20.0,0.053258882818446825,50.0,8.958333333333334,5.034722222222222,8.863636363636363,-0.6818181818181818,6.25,2.5,10.0,0.0,0.0,0.0,3.0,0.0,20.0,4.0,25.000000000000004,10.631125685144228,99.19828030923097,0.4339289057133802,0.02622377622377623,16.383049419075505,-2.3319102851030395,-317.5250733179972,0.5498521097202548,1.63225013832842,2.0,50.0,0.0,0.5882931497465547,-0.004431574584475456,19.335558445457174,0.673268614308792,5.724429860014203,97.5,32.76909722222222,1.547695872153563,4.211154456190028,9.724627671091055,14.905303606329165,17.971950230180944,19.448250482603296,19.998830815140746,20.044753397668966,19.822582029126288,4.1844494186661265,6.171374967511606,10.350342579098065,15.345320666685943,18.404274246867093,19.88550403426226,20.435941944094644,20.476828502701593,20.24661140843248,2.0769739018036217,3.887705547581259,4.511324321719704,3.544179476739371,3.6483956428229507,3.965641874626903,4.147146472284453,4.204103848596482,4.1843000317485295,4.121955266936758,15.114254424694098,20.352047135739753,12.56120816334056,13.310790766569491,15.72631547779438,17.19882386258138,17.67448916978375,17.508366755690744,16.990515222627682,1.0
201001,1400.0,1.0250000000000001,1.0,12727.272727272728,0.05910714285714286,2.0,9.0,5.0,15.0,0.08333333333333333,0.16666666666666666,0.25,0.3333333333333333,0.4166666666666667,0.5,0.5833333333333334,0.6666666666666666,0.75,0.8333333333333334,0.5731120392262111,0.01388888888888893,0.008750161512811338,0.477451989026063,0.2153635116598079,0.04398148148148142,3.4348369441113307,0.23473936899862824,16.666666666666668,0.0,0.0,0.0,0.0,0.0,1.0,0.0,0.0,0.0,0.0,0.0,10.0,-0.9805341783612498,0.22563629171006755,0.15897555510611078,0.9585694625679668,0.15897555510611078,0.9585694625679669,0.15363047096056143,0.02156527450321042,0.5058685257607309,0.0028428885536216546,0.5058685257607309,0.02156527450321042,0.15363047096056143,-59.671452016185896,70.27092627631005,244.13665676213665,-13.043644294085881,-69.60950708426971,-28.942613545852858,158.79133675399964,-60.300940355258966,230.1637467428713,85.61330696801525,-154.98614910302226,6.0273761339036565,20.0,0.06796180235448109,50.0,9.166666666666666,5.0,9.545454545454545,0.45454545454545453,7.5,2.5,10.0,5.0,0.0,0.0,3.0,0.0,20.0,4.0,25.000000000000004,10.801234497346433,106.55557352678461,0.3289721084846136,1.9518264238958264e-16,16.636237304175115,-2.554359989378515,-307.9781813227622,0.49128418741287655,1.5637845848769296,2.0,50.0,0.0,0.5694628553217225,-0.004301363672138511,19.87953021522914,0.736314548667496,5.7130455003342036,105.0,32.63888888888889,0.8323033733186859,4.266276357047851,10.061624347224997,15.285610112505628,18.32165908046154,19.75775273608425,20.273358095248742,20.291213275087742,20.046783953950033,4.0108572055800975,6.223423301781718,10.505571093596838,15.5767482461925,18.664828248502868,20.14871510068095,20.69202615552758,20.722838222933643,20.482147918105554,2.079919697649653,3.923550256886755,4.530991463074519,3.0217113525197337,2.9975338886702954,3.562670639485474,3.949927471253599,4.141364263482472,4.20745621947307,4.200575727541061,15.394246618316123,20.529883638454173,9.130739497946637,8.985209413726862,12.692622085451836,15.601927028163852,17.150897962849715,17.702687838782612,17.644836442807115,2.0
201002,1600.0,1.075,1.0,14545.454545454546,0.05859375,2.0,9.0,5.0,15.0,0.08333333333333333,0.16666666666666666,0.25,0.3333333333333333,0.4166666666666667,0.5,0.5833333333333334,0.6666666666666666,0.75,0.8333333333333334,0.5815855815233052,0.0061728395061728305,0.06313751388599172,0.2993827160493827,0.4938271604938273,0.15123456790123455,3.313405695990552,0.15432098765432092,25.0,0.0,0.0,0.0,0.0,0.0,1.0,0.0,0.0,0.0,0.0,0.0,10.0,-1.1250000000000002,0.01381492832060684,0.21732553821383216,0.3504440368971219,0.21732553821383216,0.350444036897122,0.3402655714795364,0.08122884703886944,0.5490820639604082,0.13360500528095878,0.5490820639604082,0.08122884703886944,0.3402655714795364,-61.674154685477575,25.18678146458568,331.07939902945327,42.82383106995387,-48.58753193150276,-36.38729002154117,176.78736710663225,-58.05690194990826,142.98092148611212,11.163225445647326,-135.44918332829832,188.56482657336875,20.0,0.07959614317029973,41.66666666666667,10.0,5.0,9.545454545454545,0.45454545454545453,10.0,5.0,10.0,5.0,0.0,0.0,3.0,0.0,20.0,4.0,33.33333333333333,11.547005383792516,106.55557352678461,0.0,0.03496503496503494,14.845123865854655,-2.6830989249511474,-374.1366696617281,0.5455098815591339,1.747192404623089,2.0,41.66666666666667,0.0,0.6771050359618664,-0.005222507726131888,18.46289272660502,0.6629848936072297,5.773502691896258,105.0,33.333333333333336,1.281451369707944,4.295838595988513,10.367764303359573,15.968504654436677,19.253097492298487,20.823728042612828,21.40336490427694,21.44495561118995,21.201671280064136,5.440751360344668,5.69265883256244,10.669379821091905,16.140209545092073,19.47856738369349,21.11119752387933,21.734817068881707,21.803591464212136,21.57552276314837,2.080544454712441,5.287689263956988,3.7352557263414528,2.518953972724808,2.3480253960968005,2.955135237706997,3.4720327330756664,3.781301864717753,3.9383346191451336,3.9990395640999923,27.959657752165995,13.952135341166615,6.345129116706094,5.513223260715537,8.73282427313759,12.05501129954888,14.298243792117956,15.510479572357044,15.992317435237055,2.0
201003,1500.0,1.025,1.0,13636.363636363636,0.0525,2.0,9.0,0.0,15.0,0.08333333333333333,0.16666666666666666,0.25,0.3333333333333333,0.4166666666666667,0.5,0.5833333333333334,0.6666666666666666,0.75,0.8333333333333334,0.5815855815233052,0.006172839506172829,0.08491347798268736,0.04278120713305898,0.8851165980795612,0.4776234567901235,3.318550170851332,0.08299039780521254,25.0,0.0,0.0,0.0,0.0,0.0,2.0,0.0,0.0,0.0,0.0,0.0,10.0,-1.32548118356794,0.05746355304383952,0.039715712428489626,0.4191546768785327,0.03971571242848955,0.4191546768785327,0.34422244868061985,0.05533378142383267,0.5766571192080172,0.2477905118033357,0.5766571192080172,0.05533378142383267,0.34422244868061985,-58.93549704735572,16.44439283422698,-115.81912944672851,-211.70420937980384,49.73929851070599,23.283884144663876,221.8505852763996,-81.12731783607991,201.27972208355732,14.350791757419689,159.34579776910093,46.91320685334971,20.0,0.07386005087093915,41.66666666666667,9.166666666666666,5.833333333333333,10.454545454545455,-1.3636363636363635,7.5,7.5,10.0,0.0,0.0,0.0,3.0,0.0,20.0,4.0,33.33333333333333,11.180339887498949,116.48985039156473,0.0750241181923394,-0.3496503496503496,15.289049165875346,-2.683577413149348,-334.08769614105506,0.36335024931503657,1.44680591787873,2.0,41.66666666666667,0.0,0.5039712140270928,-0.004994203286121248,18.14490535999031,0.7869156675502569,6.400954789890506,115.0,40.97222222222222,1.7417597824299378,4.287068165031832,9.825761115367664,15.108181246959631,18.24571220358057,19.760648304331234,20.329548414323366,20.38214649146074,20.16012803140212,5.26641958934412,5.065253653815807,10.189008894635096,15.45298845726003,18.603879613156984,20.130958430047258,20.705370105636998,20.75788623534771,20.532080763164632,2.0834520043415146,4.970055145703828,2.697747416987918,2.696353233291576,3.2461841705653542,3.6329496067175393,3.8434705546968866,3.9270615580976913,3.9316593647304483,3.8904470466245353,24.7014481513371,7.277841125864984,7.270320758681936,10.537711669229076,13.198322844949125,14.772265904821994,15.421812481088667,15.457945360272634,15.13557822258957,3.0
201004,1900.0,1.05,1.0,17272.727272727272,0.07092105263157895,2.0,9.0,0.0,15.0,0.08333333333333333,0.16666666666666666,0.25,0.3333333333333333,0.4166666666666667,0.5,0.5833333333333334,0.6666666666666666,0.75,0.8333333333333334,0.6570190181162902,4.986380042878494e-32,0.08390380169318527,0.6759259259259264,0.30864197530864174,0.675925925925926,4.959306074850026,4.986380042878494e-32,16.666666666666668,0.0,0.0,0.0,0.0,0.0,2.0,0.0,0.0,0.0,0.0,0.0,10.0,-0.9183673469387754,0.0003865025628734623,0.048914294523460036,0.4506786824683764,0.04891429452346,0.4506786824683764,0.3149994966891856,0.021802928618633134,0.625204430467947,0.016901942136711368,0.6252044304679469,0.021802928618633134,0.31499949668918564,-52.49631441576609,6.051912042644251,346.6997798796085,72.81342768334753,66.00142162485518,-122.9171229270256,115.49945798112093,-131.1467481170599,180.10618065585965,-0.25357655183143885,-58.12700586374383,71.66158569405613,25.0,0.05976464421958396,41.66666666666667,10.0,6.666666666666667,11.818181818181818,1.8181818181818181,7.5,7.5,10.0,5.0,0.0,0.0,3.0,0.0,25.0,4.0,25.0,12.583057392117917,131.45996677683746,0.420848788312271,0.5244755244755245,16.955614089119326,-2.233612367619928,-345.63053974306337,0.3893618634664524,1.4190966922050066,2.0,41.66666666666667,0.0,0.44323310576889385,-0.004137112754167204,19.15558410343958,0.7050782932683283,7.637626158259733,130.0,58.333333333333336,0.8222978231930312,3.7996758637793104,9.761639447628804,15.50265405798534,18.922796133489424,20.588379949311346,21.231563064606792,21.316132494019786,21.10263353999642,5.462865404071095,4.896816362235165,10.227631553367285,15.925319242807417,19.35144619064977,21.03324199683219,21.68808952796696,21.777596428654263,21.563657012515694,2.0763847020505484,5.40062262271387,3.088895241937962,3.052022687650166,3.644655010253081,4.050463696913131,4.3030082454138805,4.426506207691883,4.459394769105845,4.435105571464472,29.166724712968843,9.541273815666981,9.314842485931344,13.283510143762884,16.40625616001119,18.51587996009984,19.593957206734775,19.886201706728574,19.670161430035204,4.0
201005,1875.0,1.075,1.0,17045.454545454544,0.06186666666666667,2.0,9.0,0.0,15.0,0.08333333333333333,0.16666666666666666,0.25,0.3333333333333333,0.4166666666666667,0.5,0.5833333333333334,0.6666666666666666,0.75,0.8333333333333334,0.6684144184766948,0.00347222222222226,0.06490530409696245,0.6365955075445815,0.0034293552812071125,0.7864583333333328,6.696711636918128,0.03605109739369004,41.66666666666667,0.0,0.0,0.0,0.0,0.0,3.0,0.0,0.0,0.0,0.0,0.0,11.25,-1.0420586889081023,0.031021649179266714,0.0002017728973403206,0.45615139084683604,0.0002017728973403206,0.456151390846836,0.32901113061836673,0.05915474650905798,0.6315190617858736,0.06932190740148259,0.6315190617858737,0.05915474650905798,0.3290111306183668,-66.78770834815805,29.950004565691845,-69.51113809288485,-248.55459673397814,50.864348181194565,-43.34235577985292,257.8070093088618,1.0024911962855978,190.44351212477628,-37.770956219518425,85.3222867116919,176.74466815272388,25.0,0.06516192350587435,50.0,9.583333333333334,7.083333333333333,13.181818181818182,-1.3636363636363635,7.5,7.5,10.0,0.0,8.333333333333334,0.0,3.0,0.0,25.0,4.0,25.0,12.5,146.43008316211018,0.3775557431792028,-0.08741258741258721,18.447032825733878,-2.1564544333089533,-297.14351850940955,0.3010755412339371,1.292110305259521,2.0,50.0,0.0,0.32097716791200026,-0.0033700974039082903,19.96932932089112,0.7335936177201976,8.025566785107593,145.0,64.40972222222223,2.0442491649888206,4.346817763481705,10.009619130554896,15.520627528700375,18.825983862511347,20.43801025522873,21.056614481103125,21.13062369923373,20.913622873942753,6.0317389407321365,5.317487965621167,10.427335907397806,15.899678797049736,19.199564639505653,20.814481107279523,21.434846335447816,21.507469426830006,21.286388533279528,2.0883666222729893,5.674761669055974,3.0628179174749905,2.921790373544463,3.451073306190555,3.7690335571626687,3.940857847279149,4.008943005139729,4.0084888957572655,3.966196550378261,32.20292000058694,9.380853595605837,8.536858986937093,11.90990696470101,14.20561395501828,15.530360572461646,16.07162401845876,16.067983227409304,15.730715076232414,5.0
201006,1650.0,0.9750000000000002,1.0,15000.0,0.0603030303030303,2.0,9.0,0.0,15.0,0.08333333333333333,0.16666666666666666,0.25,0.3333333333333333,0.4166666666666667,0.5,0.5833333333333334,0.6666666666666666,0.75,0.8333333333333334,0.6570190181162902,0.038580246913580106,0.2529746794876163,0.8995198902606314,0.17318244170096034,1.577160493827161,6.188040409675619,0.00017146776406036128,16.666666666666668,0.0,0.0,0.0,0.0,0.0,4.0,0.0,0.0,0.0,0.0,0.0,15.0,-0.8533944189920875,0.03147737714682375,0.02800310163952487,0.574978048610053,0.02800310163952483,0.5749780486100531,0.20114157732335974,0.2996255227012359,0.5274464748797988,0.32970770498273533,0.5274464748797989,0.2996255227012359,0.2011415773233598,-67.51699465577404,73.49233304371742,-24.59930500520688,-14.824569147777268,32.401713083162406,-84.85740381506555,241.91718226724063,136.65173403198676,145.73177268321155,-59.115275392832174,6.316771613297036,-143.63631830260158,25.0,0.07235268698380569,41.66666666666667,8.333333333333334,7.222222222222221,12.272727272727273,-0.45454545454545453,5.0,5.0,10.0,0.0,16.666666666666668,0.0,3.0,0.0,25.0,4.0,25.000000000000004,11.726039399558575,137.38020754098926,0.6514453144459152,-0.20979020979020976,17.183148076598112,-1.4222316689899364,-339.5935614999528,0.5679604325235599,1.399321338334841,2.0,41.66666666666667,0.0,0.3306652887348974,-0.004020095274892399,17.448931234337895,0.5059646912971791,8.249579113843055,135.0,68.05555555555556,0.8231256826002985,4.075972895582564,9.693335781161478,14.64621529270701,17.478721880303855,18.79679272391488,19.253184331309786,19.24728127280977,18.999669645352146,5.967899605076245,6.05254657490102,10.378461014818864,15.236346426201422,18.058009088142004,19.364632312373466,19.806453126961497,19.784350832439504,19.520092446837477,2.101679930359739,5.9108620189370855,4.474345203023828,3.7083277187661827,4.199360667875067,4.537176837903339,4.655058311944011,4.648707193955135,4.578504282666561,4.477338774379895,34.938289806913,20.019764995822346,13.751694469769602,17.63463001889613,20.58597365840654,21.66956788759903,21.61047857513023,20.962701466396037,20.046562500565656,5.0
201007,2250.0,1.05,1.0,20454.545454545456,0.06755555555555555,2.0,9.0,0.0,15.0,0.08333333333333333,0.16666666666666666,0.25,0.3333333333333333,0.4166666666666667,0.5,0.5833333333333334,0.6666666666666666,0.75,0.8333333333333334,0.6745665634070153,4.986380042878494e-32,0.11787032878004594,0.5401234567901233,1.0493827160493832,3.4537037037037055,5.592006214429831,0.09876543209876558,41.66666666666667,0.0,0.0,0.0,0.0,0.0,4.0,0.0,0.0,0.0,0.0,0.0,16.25,-1.3265306122448979,0.018150472316322976,0.03843682132362273,0.20237814621511432,0.038436821323622763,0.20237814621511432,0.6157591327433496,0.020108853989825582,0.4708694245279386,0.014720429512902661,0.4708694245279387,0.020108853989825582,0.6157591327433496,-55.902973843613935,-31.676780653812916,279.10238045202027,135.59547165735268,65.92146952088038,-97.49802468789223,194.25703344706648,-62.83790851249286,24.813139966956197,-76.9339944630236,72.39263431142254,148.5327798743642,25.0,0.06059950436930351,50.0,10.0,8.333333333333334,14.545454545454545,1.8181818181818181,7.5,7.5,15.0,5.0,25.0,0.0,3.0,0.0,25.0,4.0,8.333333333333336,13.693063937629153,161.40019954738287,0.38180177416060623,0.27972027972027946,20.18164298129114,-1.5023006404659232,-306.9262108970231,0.6646508472560452,1.3333378342770181,1.0,50.0,0.0,0.11250698842239683,-0.002478012181050269,19.029869933176904,0.49010701774007015,9.354143466934854,160.0,87.5,0.5730528347120659,3.8118013772168395,10.059043937389037,15.788316991626148,19.163728432350908,20.79304648727725,21.409822015034877,21.47503540173648,21.246940531460933,7.588641478837775,5.064791082699165,10.456621403155879,16.09264674350081,19.482981703997172,21.145131482904254,21.788302691949056,21.870070062820048,21.650476553325674,2.0918756054621888,7.566973631708097,3.3350080917498217,2.855970279014552,3.114855660064558,3.512561550975882,3.8426297254921797,4.043470722105237,4.137972818521468,4.160607292050909,57.25908994296564,11.122278972036789,8.15656623461446,9.702325783036214,12.338088649394095,14.765803207236106,16.349655480522244,17.122819046822503,17.310653038667205,6.0
201008,2225.0,1.0750000000000002,1.0,20227.272727272728,0.05831460674157304,2.0,9.0,0.0,15.0,0.08333333333333333,0.16666666666666666,0.25,0.3333333333333333,0.4166666666666667,0.5,0.5833333333333334,0.6666666666666666,0.75,0.8333333333333334,0.6371500754587913,0.003472222222222255,0.0029196121997721904,0.08206875857338812,1.3532235939643347,4.740162037037036,5.939767287663054,0.2541580932784638,41.66666666666667,0.0,0.0,0.0,0.0,0.0,5.0,0.0,0.0,0.0,0.0,0.0,16.25,-1.3908461006261172,0.012560723432465115,0.1353015024337122,0.25237756510859827,0.13530150243371222,0.2523775651085982,0.595749817391299,0.0026836627976447036,0.4122205873977349,0.057529336834374015,0.4122205873977349,0.0026836627976447036,0.595749817391299,-76.4827334493283,-18.742439438443256,-110.78704405515144,-128.51421442755301,134.58753143844973,-24.348941871297395,230.24736742954633,-6.395744681590722,73.28986197298278,85.48451590064099,163.63889556242495,137.69501367799882,25.0,0.059264347016698735,50.0,9.583333333333334,8.749999999999998,15.909090909090908,-1.3636363636363635,7.5,7.5,15.0,0.0,25.0,0.0,3.0,0.0,25.0,4.0,25.0,13.616778865306825,176.3703159326556,0.3939705615606609,-0.33216783216783213,21.557837537058433,-1.4483544653852956,-255.8748955772882,0.5795316077986535,1.3024909275202206,1.0,50.0,0.0,0.0005026717156752315,-0.0017702549809413763,19.470981257878964,0.5076488286047376,9.673488971869917,175.0,93.5763888888889,2.044249164988821,4.385042893149321,10.101382732362977,15.583157976962513,18.844517334647293,20.422529349141083,21.018228588315132,21.077427149239583,20.85100399044658,8.499666141241635,5.160565100216015,10.419504922363304,15.884363577593549,19.15692160253374,20.755625206269286,21.36787317927861,21.436868335461398,21.214570756990852,2.102905837479263,8.25017392931882,2.720814396243917,2.555024407216541,3.0786675251170057,3.4455495512039223,3.7035486612966304,3.8496845604629577,3.9091416961278864,3.9107090142009273,68.06536986401194,7.402830978808152,6.528149721472237,9.478193730210068,11.87181170980155,13.716272686592063,14.820071215066875,15.281388800405608,15.29364499375239,7.0
201009,2225.0,1.0500000000000003,1.0,20227.272727272728,0.06044943820224719,2.0,9.0,0.0,15.0,0.08333333333333333,0.16666666666666666,0.25,0.3333333333333333,0.4166666666666667,0.5,0.5833333333333334,0.6666666666666666,0.75,0.8333333333333334,0.6371500754587913,0.0003858024691357981,0.031108950687043363,0.30171896433470524,0.6947873799725651,4.8034336419753085,6.245940089093477,0.26753257887517157,41.66666666666667,0.0,0.0,0.0,0.0,0.0,5.0,0.0,0.0,0.0,0.0,0.0,16.25,-1.3908461006261172,0.08356886478792122,0.16593804686186764,0.49262676997302246,0.16593804686186764,0.49262676997302246,0.5020784256840503,0.06328199960659803,0.42125708496025493,0.02852668400633651,0.42125708496025493,0.06328199960659803,0.5020784256840503,-85.45265361174492,-25.587335133670702,197.8759628910813,258.4612440411228,150.6403819547847,-85.71196765576683,227.10932449822923,-149.23603029227007,-113.91567135952982,85.25818346943107,155.39536544581418,129.1815898739418,25.0,0.06532238692892109,50.0,9.583333333333334,8.75,16.363636363636363,0.9090909090909091,7.5,7.5,15.0,5.0,25.0,0.0,3.0,0.0,25.0,4.0,16.66666666666667,13.616778865306825,181.35373668990763,0.3939705615606609,0.1223776223776227,21.557837537058433,-1.448354465385296,-255.87489557728807,0.5795316077986535,1.3024909275202206,1.0,50.0,0.0,0.0005026717156752315,-0.0017702549809413763,19.470981257878964,0.5076488286047378,9.673488971869917,180.0,93.5763888888889,1.0726576958575287,4.156145871958844,9.894685728157796,15.381484577222531,18.61847352662723,20.173343311539607,20.75419243998413,20.805785410328433,20.576786128233895,8.220096545430009,5.042647174550033,10.230139734770695,15.686477521996396,18.94452053907413,20.53053992878315,21.135392653105256,21.20157927654155,20.979631731840698,2.100233119260302,8.149809364869094,2.85565089217798,2.598259674075063,3.07823151318474,3.4996145493014925,3.813042014208554,3.996037883334099,4.077530782083785,4.091554745641112,66.41939268370798,8.154742017996893,6.7509533339246515,9.475509248763615,12.247301993682688,14.539289402119627,15.968318765041268,16.6262572788408,16.7408202365783,8.0
201010,2300.0,1.0499999999999998,1.0,20909.090909090908,0.05369565217391304,2.0,9.0,0.0,15.0,0.08333333333333333,0.16666666666666666,0.25,0.3333333333333333,0.4166666666666667,0.5,0.5833333333333334,0.6666666666666666,0.75,0.8333333333333334,0.5906595845169363,0.05555555555555556,0.011175207231733876,0.4814814814814815,0.20987654320987656,4.777777777777778,5.7419112125213525,0.05555555555555556,41.66666666666667,0.0,0.0,0.0,0.0,0.0,5.0,0.0,0.0,0.0,0.0,0.0,16.25,-1.388429752066116,0.02248197696550096,0.039349437743955384,0.3021574954479699,0.039349437743955454,0.3021574954479699,0.6283490541034333,0.08816039900887057,0.4330461161521124,0.03770135509337681,0.43304611615211247,0.08816039900887057,0.6283490541034333,-90.87469755056065,0.6916889461470356,54.25277644319571,59.96140387028346,168.48249838547596,-51.17385926992981,217.7058384382681,-197.96926785385457,-92.01997768941283,197.60072981783713,209.40111950298044,156.07627532855957,25.0,0.0766209150305645,50.0,10.0,8.333333333333334,15.454545454545455,-0.9090909090909091,10.0,10.0,15.0,0.0,25.0,0.0,3.0,0.0,25.0,4.0,16.66666666666667,13.844373104863458,171.41945982512752,0.2848543461093237,-0.06993006993006948,20.271120898441453,-1.4637042185343305,-307.3383984425547,0.6594987655365753,1.329573074187444,1.0,50.0,0.0,0.099410356559332,-0.0024319949665158216,18.986725682294622,0.47262447696284204,9.574271077563381,170.0,91.66666666666667,1.739487264129198,4.2545282807455,10.007768566087348,15.667082699873292,19.099422483112818,20.79321702075988,21.45913445207159,21.558418303732584,21.353213316064387,8.162777711603606,5.482923217332725,10.424694944701672,15.946912678207703,19.364704621024398,21.07168143095887,21.75213079497674,21.86131612898461,21.661234696358612,2.1040367901814476,7.9752820656692105,3.458530918685414,2.9187039962494685,2.9743139783339165,3.194345922264545,3.4143643999137816,3.5581937397631225,3.6265332113039364,3.6399683582938764,63.605124026984946,11.961436115502975,8.518833017722617,8.84654364171253,10.203845871088127,11.657884255398598,12.660742689689476,13.15174313269044,13.249369649380618,8.0
201011,2000.0,1.05,1.0,18181.81818181818,0.05775,2.0,9.0,0.0,15.0,0.08333333333333333,0.16666666666666666,0.25,0.3333333333333333,0.4166666666666667,0.5,0.5833333333333334,0.6666666666666666,0.75,0.8333333333333334,0.5266215482843563,0.07561728395061741,0.04412826867901101,0.18115569272976664,0.36351165980795613,4.056327160493828,6.029088466574761,0.00017146776406035764,16.666666666666668,0.0,0.0,0.0,0.0,0.0,5.0,0.0,0.0,0.0,0.0,0.0,15.0,-1.0071322646705745,0.1847713423497852,0.15502857141008536,0.51502595341289,0.15502857141008536,0.51502595341289,0.6220513570548594,0.2592058605658594,0.35154386294212847,0.2613468966618182,0.35154386294212847,0.2592058605658594,0.6220513570548594,-82.69768545469057,32.52177330222159,106.64033514726323,-28.93883260608295,122.95523112987811,-192.16136310743542,120.5576708055187,145.0121528032317,189.16199761808815,-38.49074497551418,106.8360920475091,77.10329141979044,25.0,0.08338536183704146,41.66666666666667,9.166666666666666,7.638888888888888,13.636363636363637,0.9090909090909091,10.0,10.0,15.0,0.0,16.666666666666668,0.0,2.0,0.0,25.0,4.0,16.66666666666667,12.909944487358056,152.39447543062673,0.4976363269581718,0.38461538461538464,19.515614400054925,-1.5473047736509526,-297.6580189320283,0.5291288978329982,1.3023889423584085,2.0,41.66666666666667,0.0,0.10862861208489201,-0.002820541165686036,18.527343114686445,0.5636655476869656,9.090593428863096,150.0,82.6388888888889,0.9700657853866842,4.106130011557785,9.97714132790248,15.232281160877308,18.26410700349157,19.6903175265149,20.198017058216596,20.21077184521678,19.963462286571513,7.819745216696036,6.520086096576196,10.688010818463011,15.686475920146329,18.736550848130484,20.200273461904697,20.732454940635886,20.75668709364836,20.511804345138522,2.1158662980499017,7.759341958314677,5.064703252407852,3.832783085258374,3.7474174346225246,4.180996657447764,4.510259819650233,4.677049794634298,4.729139512027649,4.7110817256634805,60.207387626062655,25.651219034950667,14.690226178642702,14.043137429312864,17.48073304958938,20.342443640751352,21.874794781488728,22.36476052422111,22.1942910258804,7.0
201012,2225.0,1.125,1.0,20227.272727272728,0.05404494382022472,2.0,9.0,0.0,15.0,0.08333333333333333,0.16666666666666666,0.25,0.3333333333333333,0.4166666666666667,0.5,0.5833333333333334,0.6666666666666666,0.75,0.8333333333333334,0.546490490941855,0.003472222222222193,0.18176311001875195,0.04323131001371743,0.625857338820302,3.87210648148148,5.986746835111563,0.005186899862825798,41.66666666666667,0.0,0.0,0.0,0.0,0.0,4.0,0.0,0.0,0.0,0.0,0.0,15.0,-1.04343971179471,0.055917528691335164,0.0271287237855522,0.31227135484326995,0.027128723785552273,0.31227135484326995,0.6765473334751558,0.09599890820722567,0.4821318049785335,0.16413993530020043,0.4821318049785335,0.09599890820722567,0.6765473334751557,-81.70034162055805,14.592481550910412,213.45984913658936,57.55875108348859,108.58500498758197,-203.88750690202795,149.6657661266705,85.95035086731261,102.76236962209802,-71.88310991745698,153.7331883182059,154.41533819326665,25.0,0.07771487077350166,41.66666666666667,10.416666666666666,7.152777777777778,13.181818181818182,0.45454545454545453,10.0,7.5,15.0,0.0,8.333333333333334,0.0,2.0,0.0,25.0,4.0,25.0,13.616778865306825,147.44361932309863,0.24345587981726127,0.1923076923076921,17.7199452885528,-1.9081753353997932,-361.79722318236486,0.5016761746317145,1.2895847706290764,1.0,41.66666666666667,0.0,0.2515173762017974,-0.0037440281373157048,18.42272160086522,0.540806587168831,8.769818824937161,145.0,76.90972222222221,1.4484563943198243,4.618453568211775,10.883092319920616,16.64322349333055,20.00220999570625,21.596781259185075,22.17517515199668,22.20358748772546,21.941806938525207,7.625520954315852,6.459952910785429,11.397458726484587,16.86580961666816,20.25337008561463,21.917053421605722,22.550833406218587,22.615955169003488,22.376263431810234,2.102202295923556,7.486691118141857,4.516733138877817,3.3853163778300788,2.731052137317465,3.1797161999993953,3.733131383762342,4.0989869837916455,4.299084888821911,4.387969170613538,56.05054389846416,20.40087824783706,11.460366978004563,7.458645776746295,10.110595112538595,13.936269928431338,16.80169429329333,18.482130881296904,19.254273442254863,6.0
201101,2125.0,1.075,1.0,19318.18181818182,0.046588235294117646,2.0,9.0,0.0,15.0,0.08333333333333333,0.16666666666666666,0.25,0.3333333333333333,0.4166666666666667,0.5,0.5833333333333334,0.6666666666666666,0.75,0.8333333333333334,0.5266215482843563,0.00038580246913581345,0.11832928630499383,0.16617369684499333,1.6135116598079562,2.861304012345678,6.040921399566063,0.022676611796982195,41.66666666666667,0.0,0.0,0.0,0.0,0.0,5.0,0.0,0.0,0.0,0.0,0.0,15.0,-1.1910602660516592,0.0002928530431983434,0.1405712793534628,0.3513425023742683,0.1405712793534628,0.35134250237426823,0.46982845886583524,0.05807698710527673,0.49188364644384697,0.3130554268547402,0.491883646443847,0.05807698710527673,0.46982845886583524,-71.67262211347902,26.252051847143658,-102.2732650173011,-111.72069862900415,97.97801086841069,-47.374420510480405,207.52030407724163,-88.62494004362568,144.2486412858487,220.003720711774,164.91160340627468,-81.34763595654908,25.0,0.05959119823083501,50.0,9.583333333333334,7.986111111111112,14.090909090909092,-1.3636363636363635,10.0,10.0,15.0,0.0,25.0,0.0,2.0,0.0,25.0,4.0,25.0,13.307266185559428,157.37789618787875,0.36048346688358196,-0.22727272727272713,20.03149724303145,-1.5584292010775214,-293.90050991830844,0.5185445347315566,1.2993581252344544,1.0,50.0,0.0,0.11036328716682577,-0.0025552299892981105,19.061637975443393,0.5461606388138894,9.23271658590014,155.0,85.24305555555554,1.6853639569799548,4.6395265338438065,10.315399676077158,15.780389589699501,19.066591023953876,20.66918394400209,21.280716460277766,21.348107368050808,21.124607078726864,7.3586917685078035,6.03538383098413,10.933259939877559,16.214757981434502,19.464933458878708,21.06285681968212,21.67377860798761,21.73880505523332,21.510673546683275,2.0986930569326163,7.163092410154805,3.860136206024854,3.623355135191509,3.7279593337102708,3.91774696526681,4.053242220178279,4.108988450376124,4.1029205490251,4.057098988363815,51.30989287641737,14.900651529063952,13.128702435718681,13.897680793797525,15.348741283857303,16.428772495435744,16.883786085324385,16.83395703161243,16.46005220138269,7.0
201102,1900.0,1.0,1.0,17272.727272727272,0.042105263157894736,0.0,0.0,0.0,0.0,0.08333333333333333,0.16666666666666666,0.25,0.3333333333333333,0.4166666666666667,0.5,0.5833333333333334,0.6666666666666666,0.75,0.8333333333333334,0.49999999999999994,0.03858024691358007,0.3438786031011419,0.3851165980795611,2.6999314128943754,2.8734567901234565,3.5703875148686794,0.10716735253772294,8.333333333333334,0.0,0.0,0.0,0.0,0.0,6.0,0.0,0.0,0.0,0.0,0.0,15.0,-1.0253906249999998,0.08588089611040939,0.04091169917871729,0.0657999316800137,0.04091169917871729,0.06579993168001368,0.6480509472079548,0.008460489981691622,0.4617297713713948,0.3390185998961046,0.4617297713713948,0.008460489981691622,0.6480509472079548,-61.84779448273817,-26.68303268904147,-15.487221493161753,25.53202455131996,207.38482957843317,-54.06734116046781,176.64418451917012,-99.13599471471042,239.32742315140516,93.99191232263927,34.082061223654954,-239.9306227607308,25.0,0.04530047632095823,41.66666666666667,8.333333333333334,8.333333333333334,12.727272727272727,0.0,5.0,5.0,15.0,0.0,16.666666666666668,0.0,1.0,0.0,25.0,4.0,41.666666666666664,12.583057392117917,143.3445998095058,0.6352912487222886,-0.3496503496503495,18.308927689084808,-1.09605679703761,-348.0443649883027,0.7047041080108791,1.3845478576742363,1.0,41.66666666666667,0.0,0.1296277720289957,-0.0034411229027563844,16.673182911803913,0.3412726655737002,9.428090415820632,140.0,88.88888888888887,0.7592727784611558,4.060986246235003,9.617038368193937,14.649399574078734,17.553313741686974,18.916511722643797,19.39910232630033,19.40773684898613,19.16767095151037,8.776813519841712,5.5769973412354545,10.59515476476529,15.430520002502686,18.231711992129036,19.534822780749778,19.976963231518106,19.954878174816486,19.689582453028418,2.116835217274202,8.743909904039732,3.8224717202403826,4.446333041284062,4.847271363005925,4.927118716841005,4.875949684151826,4.770103655808277,4.6407880119946485,4.50333737013232,76.45596040996412,14.61129005203747,19.769877514014375,23.49603966661732,24.27649884984496,23.774885322380296,22.753888887155483,21.536913372273244,20.28004746923028,6.0
201103,2300.0,0.975,1.0,20909.090909090908,0.04565217391304348,2.0,9.0,0.0,15.0,0.08333333333333333,0.16666666666666666,0.25,0.3333333333333333,0.4166666666666667,0.5,0.5833333333333334,0.6666666666666666,0.75,0.8333333333333334,0.5906595845169363,0.22222222222222213,0.3735045195321868,0.23456790123456797,2.864197530864198,2.2592592592592595,2.169705357011022,1.2098765432098766,25.0,0.0,0.0,0.0,0.0,0.0,5.0,0.0,0.0,0.0,0.0,0.0,16.25,-1.388429752066116,0.14937733302010772,0.09725285059239859,0.023124640268729353,0.09725285059239859,0.02312464026872936,0.43019234065679013,0.37792214365486504,0.34650045107299393,0.08595029655068738,0.3465004510729939,0.37792214365486504,0.43019234065679013,-61.83340908656347,-50.82840398321041,255.56126354514822,270.1937718648067,81.15097516796523,-81.47007288480616,108.63421038346645,-51.05132445514112,100.82853438167602,199.04167343828536,-23.136848136899335,-58.78035375959941,25.0,0.028273112178552082,50.0,10.0,8.333333333333334,12.272727272727273,-0.45454545454545453,10.0,10.0,15.0,0.0,16.666666666666668,0.0,1.0,0.0,25.0,3.0,33.33333333333333,13.844373104863458,138.349592197613,0.2848543461093237,-0.2797202797202794,18.7258479329669,-1.3144650513232088,-376.4965247966479,0.807343292522843,1.6283208114027805,1.0,50.0,0.0,0.23085775236180553,-0.0032267067773313067,17.431226470372696,0.4472057696024908,9.574271077563381,135.0,91.66666666666667,1.2255312235174383,3.4106580896561414,9.638592844976062,15.554693552287018,19.07614062782706,20.79866709028858,21.472890216147416,21.573518932486365,21.367355901761655,9.387204756708785,4.107279969750879,9.955304696800603,15.907355686636688,19.41862692338358,21.132502780541323,21.801255161891177,21.896988511402878,21.685472441715067,2.0939351226015517,9.306862326507247,2.288484246259935,2.4911081018126002,3.3309868561153544,3.6309682368376004,3.741406291347343,3.769577217562647,3.749851562150434,3.700785968930789,86.61768636455987,5.237160145379904,6.205619574916375,11.095473435613252,13.183930336923552,13.998121036933481,14.209712399167346,14.06138673816205,13.695816787835,6.0
201104,1675.0,0.9500000000000001,1.0,15227.272727272728,0.052686567164179104,0.0,0.0,0.0,0.0,0.08333333333333333,0.16666666666666666,0.25,0.3333333333333333,0.4166666666666667,0.5,0.5833333333333334,0.6666666666666666,0.75,0.8333333333333334,0.546490490941855,0.13927469135802453,0.4894826228295904,0.048375342935528046,2.082647462277091,1.7270447530864195,2.691373001313071,2.367326817558299,8.333333333333334,0.0,0.0,0.0,0.0,0.0,6.0,0.0,0.0,0.0,0.0,0.0,15.0,-1.0962705542448625,0.008212805098710658,0.07908107000254408,0.25803455767216155,0.07908107000254411,0.25803455767216155,0.3508663025394885,0.5070488062398371,0.014558532317562396,0.07457757680465665,0.014558532317562373,0.5070488062398371,0.3508663025394885,-66.0197185482543,12.80929236236447,-89.44948356284259,40.60867871086951,102.81466167477254,68.80934991737203,110.20413574163045,-84.30075525225456,-71.75646607599514,364.8037025850747,-7.090581306461892,-58.76189268789979,25.0,0.018956414116532698,50.0,7.916666666666667,7.916666666666668,11.818181818181818,0.0,5.0,5.0,15.0,0.0,25.0,0.0,1.0,0.0,25.0,4.0,33.333333333333336,11.814539065631521,133.35458458572018,0.5561947985604914,0.017482517482517394,21.96407106150551,-0.9204416826859249,-241.5540368604291,0.8063654856248682,1.471908651692466,1.0,50.0,0.0,0.11764104343966722,-0.0015613348826543074,19.23239701809291,0.28586689171830904,8.769818824937161,130.0,76.90972222222221,1.0035556569781574,3.1995806775779667,8.594182501926257,13.568710577666925,16.481241822692173,17.879655428916184,18.405070271012665,18.45670208744519,18.25713964166753,8.082452610999207,5.92499766494939,10.328146731203002,14.672845872718991,17.283843931432678,18.530850584685943,18.970118425947685,18.966474637307492,18.727844684274324,2.119919486305837,8.019907496498636,4.986810685931987,5.728057439031477,5.5841292306031365,5.205759217257808,4.869326969426402,4.595517534899155,4.367757802686011,4.172411607566302,64.31891625239503,24.868280817325456,32.81064202484384,31.182499264076373,27.099929028064626,23.710345135183314,21.11878141356561,19.077308222924533,17.40901862295401,6.0
201105,1675.0,0.9500000000000001,1.0,15227.272727272728,0.0426865671641791,0.0,0.0,0.0,0.0,0.08333333333333333,0.16666666666666666,0.25,0.3333333333333333,0.4166666666666667,0.5,0.5833333333333334,0.6666666666666666,0.75,0.8333333333333334,0.546490490941855,0.031249999999999903,0.6448031539069006,0.003365054869684485,2.2668038408779148,3.1614583333333335,1.0540565854620978,1.195516117969821,8.333333333333334,0.0,0.0,0.0,0.0,0.0,6.0,0.0,0.0,0.0,0.0,0.0,15.0,-1.0962705542448625,0.008212805098710658,0.07908107000254408,0.25803455767216155,0.07908107000254411,0.25803455767216155,0.3508663025394885,0.5070488062398371,0.014558532317562396,0.07457757680465665,0.014558532317562373,0.5070488062398371,0.3508663025394885,-66.01971854825432,12.809292362364465,-89.44948356284262,40.60867871086951,102.81466167477257,68.809349917372,110.2041357416305,-84.30075525225453,-71.7564660759952,364.8037025850747,-7.09058130646195,-58.76189268789967,25.0,0.03123250898506797,50.0,7.916666666666667,7.916666666666667,11.818181818181818,0.0,5.0,5.0,15.0,0.0,25.0,0.0,1.0,0.0,25.0,4.0,33.333333333333336,11.814539065631521,133.35458458572018,0.5561947985604914,-0.646853146853147,21.96407106150551,-0.9204416826859249,-241.5540368604291,0.8063654856248682,1.471908651692466,1.0,50.0,0.0,0.11764104343966715,-0.0015613348826543074,19.23239701809291,0.2858668917183089,8.769818824937161,130.0,76.90972222222221,0.8337341926615237,3.866183914372259,8.921316281949233,13.694800002905183,16.508792172584688,17.85696886067314,18.35548489026336,18.392231781120312,18.184342039173483,8.208184088052413,5.475996479794226,10.309611766273196,14.705229212144282,17.294800739715022,18.52020078229566,18.944802877872082,18.93190085821254,18.687554188176822,2.114952194510761,8.165731646297461,3.878035506151014,5.167031117450933,5.3568852015074695,5.15460120948788,4.911873382477861,4.688467822726722,4.488059738320848,4.30748025397597,66.67917331934383,15.03915938696795,26.69821056870624,28.696219062129718,26.569913628853914,24.1265001254945,21.98173052474385,20.142680214736597,18.554386138392886,6.0
201106,1775.0,0.8749999999999999,1.0,16136.363636363636,0.037042253521126764,2.0,9.0,0.0,15.0,0.08333333333333333,0.16666666666666666,0.25,0.3333333333333333,0.4166666666666667,0.5,0.5833333333333334,0.6666666666666666,0.75,0.8333333333333334,0.5731120392262111,0.20408950617283952,0.6499000262781122,0.21932870370370375,1.1265432098765433,3.9261188271604937,0.20619565273423326,0.28125,8.333333333333334,0.0,0.0,0.0,0.0,0.0,5.0,0.0,0.0,0.0,0.0,0.0,15.0,-1.0667590175289046,0.1311103315376102,0.09158495994820129,0.19626982482223113,0.09158495994820133,0.19626982482223113,0.561578241046045,0.5640343166246125,0.042432450995161866,0.14221002886192677,0.04243245099516183,0.5640343166246125,0.561578241046045,-73.73392771257834,-1.4132092404985779,120.54004083996041,229.7799295203643,127.37852772027189,55.61539319951334,11.877180682086799,-122.33252685234073,-98.88967320361252,295.44111481506815,-9.988666569510839,-1.71374009594041,25.0,0.046256158861582006,50.0,8.75,7.291666666666667,10.454545454545455,-1.3636363636363635,10.0,10.0,10.0,0.0,25.0,0.0,1.0,0.0,25.0,3.0,33.333333333333336,12.162099599438687,118.38446820044746,0.3953309918148577,-0.9265734265734261,19.88269662294649,-1.1802230823667055,-304.4680503521201,0.8370028414102388,1.546814103361826,1.0,50.0,0.0,0.2493805361582933,-0.0026317560224846594,18.752864737742634,0.3524671325335793,8.447139555297206,115.0,71.35416666666667,1.260815166240047,3.681860248607079,8.940293968275554,13.940522759440052,16.9271011206166,18.38184184112077,18.940084373633134,19.007377217146104,18.812468506464793,7.886313857766866,5.408786559359121,10.192251458596594,14.763920926937372,17.562248727700467,18.933815919496478,19.448737057208536,19.488524927242416,19.27306680974935,2.1076976113380255,7.784875810170949,3.962180858369654,4.894193861718206,4.861603267482139,4.680366227768617,4.538422170909187,4.418888665727456,4.303744319178838,4.188332955524443,60.60429137978479,15.698877154430889,23.953133556080164,23.635186330393015,21.905828026037028,20.59727580140006,19.526577040094576,18.522215164864118,17.542132946332114,6.0
201107,1150.0,0.8,1.0,10454.545454545454,0.04717391304347826,0.0,0.0,0.0,0.0,0.08333333333333333,0.16666666666666666,0.25,0.3333333333333333,0.4166666666666667,0.5,0.5833333333333334,0.6666666666666666,0.75,0.8333333333333334,0.48245245470927484,0.03858024691358013,0.7240775588181673,0.4159807956104253,0.6999314128943757,3.817901234567901,0.48648485544795084,0.008401920438957447,8.333333333333334,0.0,0.0,0.0,0.0,0.0,6.0,0.0,0.0,0.0,0.0,0.0,11.25,-1.3126369612856101,0.10074576318010299,0.36669445382974925,0.03207449908073863,0.3666944538297492,0.032074499080738596,0.5686482044307557,0.016914539740995178,0.03385424798760868,0.5812162582397706,0.03385424798760868,0.016914539740995178,0.5686482044307557,-35.610439442575824,-64.894157378639,-5.992150331463885,-16.66992141285356,156.17170921742184,-79.72638744067487,20.130604712640512,207.6194374818371,-34.44310691996889,109.88341606641315,-9.511936221145607,53.77312822506237,20.0,0.0765148966936528,41.66666666666667,6.666666666666667,6.666666666666667,9.090909090909092,0.0,5.0,5.0,10.0,0.0,16.666666666666668,0.0,0.0,0.0,20.0,4.0,25.000000000000004,9.789450103725608,103.41435181517474,0.42100496193707476,-0.5244755244755247,16.728786977437746,-1.152554348320539,-306.1906597992048,0.5714854426771516,1.7412022951744182,1.0,41.66666666666667,0.0,0.39219040099818325,-0.00425376669731773,16.40726028218852,0.398960813033458,7.168604389202189,100.0,51.388888888888886,0.7760795948911529,3.154710188245929,7.730242357388157,11.672392513408502,13.906088073959362,14.938038528391965,15.289877017472605,15.278021297670273,15.076594034696383,7.559028877037204,6.038255292688715,8.985250136469382,12.435765427027087,14.51286474322368,15.482375991788322,15.801710401085124,15.76791130558391,15.54881731022596,2.1263840964363463,7.519083589525782,5.148624147076636,4.580182650393435,4.289931790712693,4.15258444036844,4.069271590270279,3.9891994673524303,3.8998836096343115,3.8028978502899533,56.536618026275924,26.508330607860614,20.97807311096503,18.40351476896741,17.24395753439007,16.55897127538081,15.913712390324912,15.209092168694346,14.462032059739947,6.0
201108,1375.0,0.8,1.0,12500.0,0.04909090909090909,15.0,15.0,15.0,15.0,0.08333333333333333,0.16666666666666666,0.25,0.3333333333333333,0.4166666666666667,0.5,0.5833333333333334,0.6666666666666666,0.75,0.8333333333333334,0.5090740029936311,0.08680555555555555,0.5870924458675697,0.22764489026063098,1.1145404663923182,2.9207175925925917,1.4739072111969023,0.09469307270233206,8.333333333333334,0.0,0.0,0.0,0.0,0.0,5.0,0.0,0.0,0.0,0.0,0.0,15.0,-1.4980369347099027,0.04468325404002289,0.18966178729541344,0.227440034688204,0.18966178729541344,0.22744003468820398,0.5621239539282857,0.02140507283349575,0.16919311950729937,0.3169377618394159,0.16919311950729932,0.02140507283349575,0.5621239539282856,-46.30174072799709,-31.486430743735344,273.10344156253984,139.271182518556,99.56976012297137,-161.97271914174314,87.4455022762356,147.03656636065338,-157.993019990981,-118.99816470784755,93.40330608950653,212.12498441550548,20.0,0.07970739477076584,41.66666666666667,7.916666666666667,6.597222222222222,9.090909090909092,0.0,10.0,7.5,10.0,0.0,8.333333333333334,0.0,1.0,0.0,20.0,3.0,33.333333333333336,10.70436048222094,103.41435181517474,0.08394270249944742,-0.5069930069930069,15.936627796645254,-1.336641492844279,-360.96451331463726,0.6974554906634582,1.640017841329973,1.0,41.66666666666667,0.0,0.4317025426892356,-0.004661162847439582,16.403790466999727,0.2780278703795501,7.204840194079409,100.0,51.90972222222222,1.1069726589461424,3.395241173614741,7.999517014808557,12.321226578859239,14.86270088878276,16.079383867496507,16.529337060625142,16.562863280750495,16.375844580823983,7.2581205472148085,6.230049190116994,9.247881170558024,12.832554307340247,15.163973626565468,16.341442678551033,16.796643285712204,16.843149108428786,16.66720490714288,2.1170551526715458,7.173208864256462,5.223585960264138,4.6401544882201975,3.5863387518818386,3.007693208714811,2.9148178773402518,2.9846678213337094,3.059939841227646,3.1028106099769373,51.45492541024748,27.285850284268623,21.53103367455004,12.861825643249382,9.046218437749197,8.49616325806233,8.908242003704911,9.363231831932273,9.627433681385453,6.0
201109,1150.0,0.7499999999999999,1.0,10454.545454545454,0.04869565217391304,2.0,9.0,0.0,10.0,0.08333333333333333,0.16666666666666666,0.25,0.3333333333333333,0.4166666666666667,0.5,0.5833333333333334,0.6666666666666666,0.75,0.8333333333333334,0.48245245470927484,0.006172839506172901,0.20164987988506067,0.01783264746227706,1.844993141289438,2.382716049382715,2.1879248800600695,0.24759945130315514,8.333333333333334,0.0,0.0,0.0,0.0,0.0,6.0,0.0,0.0,0.0,0.0,0.0,11.25,-1.3126369612856101,0.01763580641497412,0.046522845813194914,0.11357890566148379,0.046522845813194894,0.11357890566148378,0.47930530049630093,0.16029153209023286,0.28058629263379686,0.00818536693370785,0.28058629263379686,0.16029153209023286,0.47930530049630093,-61.45588519867572,-47.18028393731923,-76.49586888898693,-36.782186060095455,89.90621680674549,-3.2634550889487457,179.10721402437122,-95.08044906049375,9.397369572481729,234.654862083081,199.2836864343785,136.42013439872895,20.0,0.0676288908193043,50.0,6.666666666666667,6.666666666666667,10.0,-0.9090909090909091,5.0,5.0,10.0,0.0,25.0,0.0,1.0,0.0,20.0,4.0,25.000000000000004,9.789450103725608,113.34862867995487,0.42100496193707493,-0.48951048951048914,20.923749167254574,-1.1049964349114447,-214.83642693850535,0.75014185111238,1.4396699691332624,2.0,50.0,0.0,0.08878825487316087,-0.00209635757112622,18.61765380186228,0.34052325870257727,7.168604389202189,110.0,51.388888888888886,1.4269563486130064,3.367576577215683,6.964870842812762,10.637013604417541,12.8941277517946,14.012418996399083,14.450878941915475,14.512966107344107,14.372392035002491,7.623462199440579,5.244352037115983,7.790622467189711,11.035334825040783,13.163509954160054,14.251905708717363,14.687235852147603,14.751665802739847,14.613147427079442,2.124803915157433,7.4887229542460965,4.020280622766384,3.4906120622632555,2.9381212160484536,2.6494270764961936,2.6017167792680165,2.62430843894421,2.643001839349635,2.641670857195379,56.08097148545239,16.162656285790867,12.184372569217738,8.632556280194043,7.019463833671167,6.76893019952474,6.8869947827137965,6.985458722805554,6.978424917755368,7.0
201110,1050.0,0.6500000000000001,1.0,9545.454545454546,0.043333333333333335,2.0,9.0,0.0,10.0,0.08333333333333333,0.16666666666666666,0.25,0.3333333333333333,0.4166666666666667,0.5,0.5833333333333334,0.6666666666666666,0.75,0.8333333333333334,0.4502154381055714,0.024691358024691332,0.017753354564146628,0.10142318244170102,1.8398491083676274,2.5239197530864197,2.1038172901546455,0.17558299039780517,33.333333333333336,0.0,0.0,0.0,0.0,0.0,7.0,0.0,0.0,0.0,0.0,0.0,11.25,-1.160735368527576,0.12157671771709413,0.0822529778898415,0.12123580124514322,0.08225297788984157,0.12123580124514322,0.5946060091400641,0.2303584930648857,0.2603799749180242,0.059347517930200995,0.2603799749180242,0.2303584930648857,0.594606009140064,-70.48987351079487,-54.7369737757016,-83.30908716327782,-96.95450631585729,136.77074249497457,39.4147483381423,111.76185826232702,-31.117853846527623,114.36518234227036,239.81897895418683,224.93412075535218,-22.29952168775739,20.0,0.050523138470214016,50.0,5.833333333333333,6.8055555555555545,10.0,-0.9090909090909091,0.0,0.0,10.0,0.0,25.0,0.0,1.0,0.0,20.0,4.0,25.000000000000004,9.354143466934854,113.34862867995487,0.6689633838929399,-0.594405594405594,20.821392097646658,-1.0499198788996311,-197.00166015348762,0.6412410980663549,1.4977554582517723,1.0,50.0,0.0,-0.04255329385039939,-0.002148998349781718,17.434386830767018,0.3901495964452526,7.312470322826769,110.0,53.47222222222223,1.0342069455838592,3.0779832359629675,6.5212349450663,9.759628921359061,11.652110251307901,12.545099077335207,12.861619838578923,12.866460595242309,12.707299552921478,8.004247317598697,4.382252221243036,7.007728669567036,10.048469032307324,11.921205937074657,12.8328628055725,13.168797374247422,13.18668420545718,13.03448493697789,2.133471523562629,7.937152582317669,3.119319433741992,2.565493304906084,2.39193921549253,2.5186261504060856,2.702379863470249,2.8277127527135484,2.8883961095270263,2.9021260559501973,62.99839111499204,9.730153729720461,6.58175589751794,5.72137321061102,6.343477685509377,7.302856926489484,7.995959411858834,8.34283208553086,8.422335644625049,7.0
201111,1575.0,0.6499999999999999,1.0,14318.181818181818,0.0665079365079365,2.0,9.0,0.0,15.0,0.08333333333333333,0.16666666666666666,0.25,0.3333333333333333,0.4166666666666667,0.5,0.5833333333333334,0.6666666666666666,0.75,0.8333333333333334,0.49670592904742644,0.11149691358024665,0.16711142096309942,0.02188357338820314,3.2544581618655704,2.358989197530865,2.8465631332207146,0.1029235253772293,8.333333333333334,0.0,0.0,0.0,0.0,0.0,7.0,0.0,0.0,0.0,0.0,0.0,15.0,-1.0168600892296267,0.13414727848535016,0.07060156242329843,0.16286042819819715,0.0706015624232984,0.16286042819819715,0.7067884404131608,0.41564078865203086,0.2522751610058921,0.29602577650815126,0.2522751610058921,0.41564078865203086,0.7067884404131607,-27.77216138692108,-78.55403058676373,89.12349938064078,219.12417373735838,147.53917555709705,-97.55375515564566,178.92874584966196,-131.64957761598924,-110.1205875697038,203.69152364348224,-70.7148179129457,32.73354661087872,25.0,0.035575903579986023,41.66666666666667,7.083333333333333,8.263888888888888,11.818181818181818,0.9090909090909091,0.0,0.0,15.0,0.0,25.0,0.0,1.0,0.0,25.0,3.0,33.333333333333336,11.4564392373896,133.2696011727557,0.7346445495545378,0.33216783216783247,18.68520434147665,-0.9113892864904745,-310.4027437292649,0.6894628046939569,1.5527413367834308,1.0,41.66666666666667,0.0,0.10318131840141953,-0.003247609195812008,16.182376474064657,0.2877225699390281,9.004242827072629,130.0,81.0763888888889,0.746276772345377,2.376111278390343,6.517181516358332,10.3531145707038,12.611552179790467,13.703284578061547,14.119558764565953,14.168070653657727,14.020942469396054,8.507751567715333,4.280750349029953,7.337443049960306,10.583616204310701,12.722595411197327,13.828086982594616,14.28281476858842,14.36642563759558,14.245785630900917,2.125819594490013,8.474957682314436,3.560746936167505,3.3711148889125835,2.1968046444845113,1.677255381103777,1.8536400327095024,2.1533364827114787,2.3790669501984016,2.521027669715077,71.82490771702048,12.678918743426271,11.364415594248099,4.82595064602872,2.813185613441576,3.435981370863285,4.636858007776243,5.659959553526325,6.355580511469031,8.0
201112,1350.0,0.7,1.0,12272.727272727272,0.06759259259259259,0.0,0.0,0.0,0.0,0.08333333333333333,0.16666666666666666,0.25,0.3333333333333333,0.4166666666666667,0.5,0.5833333333333334,0.6666666666666666,0.75,0.8333333333333334,0.4421141086977403,0.07561728395061734,0.25965245118886315,0.014489026063100163,3.079561042524006,2.0007716049382718,4.455539592706884,0.5186899862825791,25.0,0.0,0.0,0.0,0.0,0.0,8.0,0.0,0.0,0.0,0.0,0.0,11.25,-0.4036338006108542,0.055512079884704725,0.07093492091178669,0.15607344056445996,0.07093492091178671,0.15607344056446,0.485719880992038,0.27832646002074063,0.35619869738510485,0.2344571902785978,0.35619869738510485,0.27832646002074063,0.4857198809920379,-65.45680383726621,-58.96881930210976,-129.54951088339624,22.80969885398838,122.79171855001921,-31.107611159149492,214.3200891920987,-134.88092549218442,121.10579021698965,410.5603059991408,95.29498878176645,-35.15130964680466,25.0,0.03786248645205888,50.0,5.833333333333333,7.777777777777778,12.727272727272727,0.0,0.0,0.0,15.0,0.0,25.0,0.0,1.0,0.0,25.0,4.0,33.33333333333333,10.606601717798213,143.2562968007764,1.095565188312225,0.41958041958041936,23.231064653203102,-0.759465549723804,-165.53472176586365,0.6988695087018124,1.5956503731944827,2.0,50.0,0.0,-0.1589577362985096,-0.0009097381783526894,17.711881500848303,0.34292079269900666,8.858454843945541,140.0,78.47222222222223,1.2335442076700043,2.83010451153714,6.26606235666003,9.494172082834215,11.408677545447794,12.329688812931536,12.670957662648396,12.695850350303424,12.552657430842823,8.92250589576515,5.221976420992488,7.1757887542181695,9.96512985324019,11.793770261529774,12.711956451814522,13.063954692582634,13.097373914966465,12.958121854574038,2.145876932635542,8.836825230120127,4.388569948762198,3.496913894795254,3.0272940811011866,2.9891626997772125,3.0939635759167863,3.180211332792798,3.2181652150168496,3.216164395968547,78.08948014768764,19.25954619517864,12.228406787612114,9.164509453470279,8.935093645739393,9.572610609099788,10.113744121223744,10.356587351144446,10.343713421895727,8.0
201201,1350.0,0.7000000000000001,1.0,12272.727272727272,0.05759259259259259,0.0,0.0,0.0,0.0,0.08333333333333333,0.16666666666666666,0.25,0.3333333333333333,0.4166666666666667,0.5,0.5833333333333334,0.6666666666666666,0.75,0.8333333333333334,0.4421141086977403,0.013888888888888916,0.15795079057094416,0.03712277091906727,3.1618655692729765,2.9328703703703707,3.0922206771931156,0.14420438957475992,25.0,0.0,0.0,0.0,0.0,0.0,8.0,0.0,0.0,0.0,0.0,0.0,11.25,-0.40363380061085463,0.055512079884704725,0.07093492091178669,0.15607344056445996,0.07093492091178671,0.15607344056446,0.485719880992038,0.27832646002074063,0.35619869738510485,0.2344571902785978,0.35619869738510485,0.27832646002074063,0.4857198809920379,-65.45680383726621,-58.96881930210978,-129.54951088339612,22.80969885398836,122.79171855001921,-31.10761115914946,214.32008919209866,-134.8809254921845,121.1057902169897,410.56030599914095,95.29498878176645,-35.1513096468045,25.0,0.041471743946822286,50.0,5.833333333333333,7.777777777777778,12.727272727272727,0.0,0.0,0.0,15.0,0.0,25.0,0.0,1.0,0.0,25.0,4.0,16.66666666666667,10.606601717798213,143.2562968007764,1.0955651883122248,-0.06993006993006975,23.231064653203102,-0.759465549723804,-165.53472176586365,0.6988695087018124,1.5956503731944827,2.0,50.0,0.0,-0.1589577362985096,-0.0009097381783526894,17.711881500848303,0.34292079269900677,8.858454843945541,140.0,78.47222222222223,0.8328703504226018,3.3439606597604494,6.705855945349639,9.904163353775205,11.78230671676277,12.668050081116279,12.979311532461978,12.979599144800353,12.816273258761585,9.205651377667248,5.123320798639344,7.333340608313014,10.181122697539918,12.0113548446292,12.91704987539752,13.254648943429364,13.27489228943571,13.12425375782957,2.145550680701242,9.167897483421912,3.881538755667002,2.9680600596604494,2.3585605025308998,2.334500725149645,2.524021518497198,2.6875994412956543,2.7843798836397373,2.8265131269209136,84.05034426653383,15.066343111744937,8.80938051775159,5.56280764409881,5.449893635724219,6.3706846258369,7.223190756852713,7.752771336417638,7.9891764566562395,8.0
201202,1750.0,0.6999999999999998,1.0,15909.09090909091,0.06185714285714286,20.0,20.0,20.0,20.0,0.08333333333333333,0.16666666666666666,0.25,0.3333333333333333,0.4166666666666667,0.5,0.5833333333333334,0.6666666666666666,0.75,0.8333333333333334,0.49670592904742644,0.18672839506172825,0.2741890774634356,0.04398148148148163,2.2839506172839505,4.760030864197533,2.11315660154891,0.1250000000000001,8.333333333333334,0.0,0.0,0.0,0.0,0.0,7.0,0.0,0.0,0.0,0.0,0.0,16.25,-1.2558139534883719,0.04179962807455887,0.054383301880409886,0.19177213156492603,0.054383301880409865,0.19177213156492603,0.7701282533131636,0.30630515299880506,0.24150863979081622,0.0958832042419511,0.24150863979081622,0.30630515299880506,0.7701282533131636,-55.664636539385,-89.13060612755358,67.15083510966292,283.38276322845326,178.7367341130314,-50.624537581218654,166.47456685395022,-90.04267818235999,89.65790189678607,220.92220444447938,-115.27838938462084,-81.53822156276803,25.0,0.05042397336366517,41.66666666666667,7.5,8.75,12.727272727272727,0.0,0.0,0.0,15.0,0.0,25.0,0.0,1.0,0.0,25.0,3.0,16.66666666666667,12.0761472884912,143.2562968007764,0.6634095201151212,0.20979020979021004,18.005339623028203,-0.965018861659658,-340.8441298324196,0.8067545082199352,1.4484104900543304,1.0,41.66666666666667,0.0,0.051525836207759676,-0.003597253908156923,15.593471518538024,0.2991552284774762,9.464847243000456,140.0,89.58333333333333,1.0032603284715111,2.791775258596782,6.947236606068793,11.052093306411132,13.551125210200714,14.792346128006523,15.288441849760092,15.372898490432542,15.235513376743961,9.475621847181571,4.374066248190259,7.628132557192987,11.366401372523306,13.764979935327299,14.994175475479379,15.5008729006143,15.598277115366843,15.47098303780698,2.124376622654516,9.422360537789878,3.3672609713302704,3.1502872645848314,2.6544893497021063,2.4169563830209606,2.4518960456588803,2.557460945450191,2.642014566696002,2.688949293528446,88.78087810409995,11.338446449044076,9.92430984940538,7.04631370768191,5.841678157425764,6.011794218717654,6.540606487502985,6.980240970633865,7.23044830316713,8.0
201203,1350.0,0.7000000000000001,1.0,12272.727272727272,0.0701851851851852,0.0,0.0,0.0,0.0,0.08333333333333333,0.16666666666666666,0.25,0.3333333333333333,0.4166666666666667,0.5,0.5833333333333334,0.6666666666666666,0.75,0.8333333333333334,0.4421141086977403,0.07561728395061741,0.19809792168669027,0.014489026063100144,1.4005486968449927,5.556327160493827,2.640550912332514,0.5186899862825791,33.333333333333336,0.0,0.0,0.0,0.0,0.0,8.0,0.0,0.0,0.0,0.0,0.0,11.25,-0.4036338006108551,0.014241751491383587,0.1830227846949795,0.01660666159589671,0.1830227846949796,0.016606661595896712,0.8348990275167889,0.18134050479457867,0.033159123788599976,0.03090263057329303,0.03315912378859988,0.18134050479457867,0.8348990275167889,-76.10533629954699,-37.9835764569814,-150.79740937561513,159.60632873859205,262.9126746055855,-13.774390394085142,65.36150673941741,11.63870632759276,95.51753132811946,183.29244016200826,-70.72036801098301,-45.11521751827259,25.0,0.08345585643054451,50.0,5.833333333333333,7.777777777777778,12.727272727272727,0.0,0.0,0.0,15.0,0.0,25.0,0.0,1.0,0.0,25.0,4.0,16.66666666666667,10.606601717798213,143.2562968007764,1.095565188312225,0.48951048951048926,22.527266989147872,-0.7065188860915567,-187.0975417715856,0.6827673947095432,1.5475404818697756,1.0,50.0,0.0,-0.09859721838250403,-0.0012716912627239525,17.663071547785886,0.25855858136449816,8.858454843945541,140.0,78.47222222222223,0.976568955274252,2.5005966824923807,6.433617115201997,9.915695710653521,11.90733634952847,12.839604874831446,13.169751296332345,13.176598365270792,13.014002615049286,8.598959843507782,4.029796307564547,7.59817562435641,10.843161995164083,12.693982442212848,13.545906553651053,13.825014041970624,13.795034718080432,13.603205387927607,2.135057148284861,8.543326253038328,3.160106724775124,4.042380936223583,4.387840086773684,4.399151202494194,4.316958537958305,4.205789349627171,4.084144756664178,3.960168274408685,72.98842346585393,9.986274511968963,16.34084363354385,19.253140627098087,19.352531302406113,18.636131018451106,17.688664053437343,16.680238393387494,15.682932761633062,8.0
201204,1375.0,0.7250000000000001,1.0,12500.0,0.06109090909090909,2.0,9.0,0.0,10.0,0.08333333333333333,0.16666666666666666,0.25,0.3333333333333333,0.4166666666666667,0.5,0.5833333333333334,0.6666666666666666,0.75,0.8333333333333334,0.5431964199892814,0.03125,0.09771214720484159,0.044174382716049385,0.845679012345679,6.911458333333334,1.9420255071161459,0.3244598765432099,33.333333333333336,0.0,0.0,0.0,0.0,0.0,7.0,0.0,0.0,0.0,0.0,0.0,11.25,-0.42720570749108155,0.007194050459055708,0.26840944749612283,0.0654097559746353,0.26840944749612283,0.0654097559746353,0.8362363652455176,0.2687556132172367,0.05144455114755837,0.05545377453127644,0.051444551147558304,0.2687556132172367,0.8362363652455175,-94.69445694986577,-55.32517082127729,-106.75680901273716,197.75868885833665,266.5254646350762,35.04765308598756,164.26266015430596,70.42734406389594,45.38409083079372,104.02781932974897,-123.22354541527874,16.106335349023887,25.0,0.10380547794769643,50.0,6.25,7.5,13.181818181818182,0.45454545454545453,0.0,0.0,15.0,0.0,25.0,0.0,2.0,0.0,25.0,4.0,16.66666666666667,10.70436048222094,147.3553163143692,1.0415926894337657,0.19230769230769215,23.201315021552624,-0.8444027820658264,-168.18262181100246,0.7368619904929752,1.4864378937527907,1.0,50.0,0.0,-0.13794443678628002,-0.0009250379889157949,18.421502080204334,0.30148239602999194,8.690272339422588,145.0,75.52083333333333,0.5561116651573652,2.8205645796196985,6.8951754416733015,10.615182067113066,12.769989983040894,13.787868269925257,14.154633737203389,14.170234749722875,14.00105669987606,8.44942467365854,3.5349991705256163,7.583400214239581,11.222199173812703,13.304669392549378,14.28027595583077,14.620224812097499,14.615940845595016,14.430222519503648,2.121729714976704,8.431104146652773,2.130876483471425,3.1566619137744714,3.6408328688314877,3.733842990549479,3.7176565126254837,3.6602345992975684,3.5819232180044103,3.4930979444106516,71.08351713170559,4.540634587811546,9.964514437874307,13.255663978763721,13.941583478075477,13.820969945866674,13.39731732189503,12.83017393967907,12.201733249245919,9.0
201205,1775.0,0.7999999999999998,1.0,16136.363636363636,0.06436619718309859,2.0,9.0,0.0,15.0,0.08333333333333333,0.16666666666666666,0.25,0.3333333333333333,0.4166666666666667,0.5,0.5833333333333334,0.6666666666666666,0.75,0.8333333333333334,0.5929809818837098,0.009645061728395061,0.040698515066851106,0.34158521947873843,0.3213305898491081,9.551118827160494,0.7101159568124354,0.015474965706447151,33.333333333333336,0.0,0.0,0.0,0.0,0.0,6.0,0.0,0.0,0.0,0.0,0.0,16.25,-1.2340665585425648,0.0946707548012118,0.015024684077506345,0.07566170509894754,0.015024684077506307,0.07566170509894757,0.7031561389106784,0.07231472747905728,0.2077709391486924,0.6454368031013923,0.20777093914869232,0.07231472747905728,0.7031561389106784,-64.39939759547262,-45.450519564751424,203.59271703722848,225.78512399561498,192.736026474787,-151.68482068272849,-20.73456471146726,96.61728812953596,106.74166696730406,57.17189422746689,-109.93021515061206,121.87324893930379,25.0,0.09552613462256432,41.66666666666667,7.916666666666667,8.402777777777779,13.636363636363637,0.9090909090909091,2.5,2.5,15.0,0.0,16.666666666666668,0.0,2.0,0.0,25.0,3.0,16.66666666666667,12.162099599438687,152.3387370716212,0.6222521853140871,0.4370629370629373,17.854641389444655,-1.4171823705419664,-310.0031920619179,0.30654689313944333,1.3775475219835884,2.0,41.66666666666667,0.0,0.1261480989359965,-0.003674755856857034,16.806621133937796,0.6508831510678974,9.23271658590014,150.0,85.24305555555556,0.7818643473050132,2.8354739701432154,7.329329569303071,11.875819826542171,14.682593342474805,16.096593490349417,16.67814520448628,16.7968807870255,16.66454849854654,9.1104259292405,3.6992289926738775,7.790679625799701,12.306934765098662,15.061187515809603,16.447205896866702,17.01442949460639,17.12396148037394,16.984047258580592,2.104577005363173,9.076813799709177,2.3757909219624653,2.6411393557308265,3.2288615269010768,3.3557148457360904,3.3779076098033856,3.3660486575513167,3.3308936650370615,3.278823664256616,82.38854875459094,5.64438250487926,6.975617096390246,10.425546759901954,11.260822125893592,11.410259820367623,11.330283565003022,11.094852607784029,10.750684621289183,8.0
201206,1675.0,0.8500000000000002,1.0,15227.272727272728,0.058208955223880594,0.0,0.0,0.0,0.0,0.08333333333333333,0.16666666666666666,0.25,0.3333333333333333,0.4166666666666667,0.5,0.5833333333333334,0.6666666666666666,0.75,0.8333333333333334,0.49670592904742644,0.046682098765432146,0.050283537693992596,0.29811814128943737,0.3161865569272977,10.141396604938274,0.5343786708108086,0.14921982167352552,33.333333333333336,0.0,0.0,0.0,0.0,0.0,7.0,0.0,0.0,0.0,0.0,0.0,16.25,-1.1206409652182114,0.1352481752652386,0.1803671882658785,0.11271247851860502,0.18036718826587844,0.112712478518605,0.8277079066735459,0.13174928317628806,0.09751190183315946,0.6059050480971848,0.09751190183315939,0.13174928317628806,0.8277079066735458,-54.97065133512521,-72.73794602206799,-104.40759874220377,-165.10376961327378,249.51468458308952,-119.29762630858853,84.09634284129329,302.4415291765874,1.9819311035801095,81.49743621029153,-20.580050008228977,128.82225948059016,25.0,0.08860980595607054,41.66666666666667,7.083333333333333,8.611111111111109,14.545454545454545,0.0,0.0,0.0,15.0,0.0,16.666666666666668,0.0,1.0,0.0,25.0,4.0,16.66666666666667,11.814539065631521,162.31384584500108,0.7945437865700011,0.2272727272727273,18.23408734213728,-1.410933960122557,-269.40106154942725,0.1699856015632934,1.3295126802205877,2.0,41.66666666666667,0.0,0.061028661659643976,-0.003479612224043685,16.889236367464417,0.7673541261227121,9.455671431591849,160.0,89.40972222222224,1.3280926869768839,3.2849268712456348,7.70136767493544,11.824666612662403,14.22494648899449,15.362011642894004,15.773502688472627,15.793033691231445,15.606051501572045,9.796802163660011,4.411730356383647,8.269990057550304,12.29063990958552,14.66586880110937,15.800617005533773,16.21299191744136,16.231241121869715,16.040249658823647,2.1290683981864422,9.70636401793648,2.9449312705062147,3.013581173195835,3.352176738551152,3.569118249175347,3.6970388203469247,3.7493625927303613,3.7461013312379694,3.7068538746048563,94.213502448692,8.672620188005348,9.081671487440383,11.237088886483436,12.738605076596494,13.66809603915218,14.057719851765738,14.033275183902887,13.740765647673037,8.0
201207,1700.0,0.8000000000000002,1.0,15454.545454545454,0.04911764705882353,2.0,9.0,0.0,15.0,0.08333333333333333,0.16666666666666666,0.25,0.3333333333333333,0.4166666666666667,0.5,0.5833333333333334,0.6666666666666666,0.75,0.8333333333333334,0.546490490941855,0.024691358024691377,0.1457464005535558,0.5239197530864198,0.2623456790123456,8.783179012345679,1.022463475989654,0.39506172839506176,33.333333333333336,0.0,0.0,0.0,0.0,0.0,6.0,0.0,0.0,0.0,0.0,0.0,16.25,-1.1171921475312316,0.15718049993670707,0.0103340388790684,0.07409890392693959,0.010334038879068402,0.07409890392693959,0.835858675523486,0.036403049282632896,0.017432446571214788,0.5813074604637971,0.017432446571214715,0.036403049282632896,0.835858675523486,-73.93500142780474,-67.41191432225052,-81.98864690575145,-124.14841940378095,260.0875126279744,-79.9822100538689,70.46899477986445,277.78745237967837,-16.976903434076096,138.30769104304474,15.20258699701708,130.6963203324861,25.0,0.08581863572208563,41.66666666666667,7.5,8.333333333333334,13.636363636363637,-0.9090909090909091,2.5,2.5,15.0,0.0,25.0,0.0,2.0,0.0,25.0,3.0,16.66666666666667,11.902380714238083,152.37956898022097,0.7521244269664923,-0.17482517482517468,18.95018917558556,-1.5081814021540492,-260.91108186149063,0.22084676920690396,1.3822278289124181,1.0,41.66666666666667,0.0,0.06042967389559391,-0.0031113312811274245,17.538039173144508,0.7453962166826815,9.242113755341181,150.0,85.41666666666667,1.0983579461397746,3.402076922453553,8.137802863948513,12.438127871544888,14.925267373460054,16.097284937089718,16.516175480426956,16.528989066639824,16.328292820525544,9.589875983387726,4.271796891706239,8.405486797943626,12.673211634645826,15.192396010661088,16.3990838579317,16.843106529662816,16.87123086392029,16.678383192999725,2.1236764989956507,9.5267691899672,2.5834320772375743,2.1043699432172027,2.4296642129357244,2.83642210812844,3.131671923050125,3.3024513727401708,3.3809689881153573,3.3993116214477532,90.7593311989083,6.674121297700047,4.4283728579159725,5.903268187620573,8.045290375479784,9.80736903362047,10.906185069313437,11.430951298597781,11.555319499709753,8.0
201208,1475.0,0.7499999999999999,1.0,13409.09090909091,0.046610169491525424,0.0,0.0,0.0,0.0,0.08333333333333333,0.16666666666666666,0.25,0.3333333333333333,0.4166666666666667,0.5,0.5833333333333334,0.6666666666666666,0.75,0.8333333333333334,0.4502154381055714,0.08680555555555548,0.22805400557994407,0.9693287037037038,0.47222222222222243,6.608217592592592,1.9119922907163525,0.7812500000000002,16.666666666666668,0.0,0.0,0.0,0.0,0.0,7.0,0.0,0.0,0.0,0.0,0.0,8.75,-0.5613209366922574,0.1528125560868404,0.0067738307453570155,0.06000076314883018,0.006773830745356979,0.06000076314883018,0.4348572681225803,0.06471468847468669,0.10074926425190966,0.6088476228464186,0.10074926425190966,0.06471468847468669,0.43485726812258024,-64.02695562661641,-50.10602378089788,-76.43328743657258,159.83206633770368,196.43432218883706,-66.08574414436143,123.61040603240869,256.0015009817614,53.95218532261174,28.644430006696922,-259.50016422729936,76.30035892419095,25.0,0.07376534877674039,50.0,6.25,7.708333333333333,12.727272727272727,0.0,0.0,0.0,15.0,0.0,25.0,0.0,2.0,0.0,25.0,4.0,16.66666666666667,11.086778913041726,142.44529211544085,1.0937335233528152,-0.12237762237762248,21.810523157625656,-0.6994365429752899,-220.32873361763635,0.7450825597717696,1.5628600013514944,2.0,50.0,0.0,0.031390363266131795,-0.0016403023760782347,17.75354187304839,0.3238440687185611,9.157192073264962,140.0,83.85416666666667,0.32209953712414935,2.92954456125118,7.197599264128311,11.02383821088631,13.282852803866104,14.37146443521769,14.778161117626423,14.812612090870559,14.649072687056735,9.181998490004947,5.276582420377732,8.308951028257045,11.841694435731997,13.92095145684535,14.902629553179597,15.243518719010499,15.234208188210184,15.03922718527355,2.1408618654220017,9.176347212188384,4.38863198533244,4.151292813449012,4.324432703771566,4.166378625937763,3.943269910439174,3.7377555990591587,3.559160317704948,3.4033841598619703,84.20534815863752,19.260090702682955,17.233232022993416,18.70071820944906,17.358710854671042,15.549377586574971,13.970816918298091,12.667622167125586,11.58302373959937,8.0
201209,1475.0,0.7500000000000002,1.0,13409.09090909091,0.03661016949152542,0.0,0.0,0.0,0.0,0.08333333333333333,0.16666666666666666,0.25,0.3333333333333333,0.4166666666666667,0.5,0.5833333333333334,0.6666666666666666,0.75,0.8333333333333334,0.4502154381055714,0.00964506172839504,0.3705040381961965,1.104359567901235,0.9197530864197531,5.539544753086421,1.2525669494581244,0.24112654320987645,16.666666666666668,0.0,0.0,0.0,0.0,0.0,7.0,0.0,0.0,0.0,0.0,0.0,8.75,-0.5613209366922574,0.1528125560868404,0.0067738307453570155,0.06000076314883018,0.006773830745356979,0.06000076314883018,0.4348572681225803,0.06471468847468669,0.10074926425190966,0.6088476228464186,0.10074926425190966,0.06471468847468669,0.43485726812258024,-64.02695562661643,-50.10602378089788,-76.43328743657263,159.83206633770357,196.43432218883706,-66.08574414436139,123.61040603240869,256.0015009817614,53.95218532261174,28.644430006696993,-259.50016422729936,76.30035892419096,25.0,0.05511132558105845,50.0,6.25,7.708333333333333,12.727272727272727,0.0,0.0,0.0,15.0,0.0,25.0,0.0,2.0,0.0,25.0,4.0,25.000000000000004,11.086778913041726,142.44529211544085,1.0937335233528152,-0.6468531468531469,21.810523157625653,-0.6994365429752898,-220.32873361763626,0.7450825597717696,1.5628600013514944,2.0,50.0,0.0,0.031390363266132364,-0.0016403023760782347,17.75354187304839,0.3238440687185611,9.157192073264962,140.0,83.85416666666667,0.556393154113375,2.957359314439364,7.240226251083119,11.055860571617336,13.241275297594333,14.26181790471891,14.61975393628578,14.622067093812376,14.438219090529605,9.089781161054077,5.246892518576031,8.301530212497395,11.848791102944057,13.905175504180006,14.85257126700997,15.16433111937526,15.13384085673259,14.9244093800131,2.1407947705254426,9.072736533919045,4.33404049205679,4.061345553155252,4.261666061784225,4.24529554864745,4.147218742030534,4.027372982542019,3.9023445492367665,3.7783362523853614,82.31454821390936,18.78390698678786,16.494527702133933,18.161797622163466,18.022534295365855,17.19942329424933,16.2197331405094,15.228292980957901,14.275824836089457,8.0
201210,1500.0,0.6500000000000001,1.0,13636.363636363636,0.028,2.0,9.0,0.0,5.0,0.08333333333333333,0.16666666666666666,0.25,0.3333333333333333,0.4166666666666667,0.5,0.5833333333333334,0.6666666666666666,0.75,0.8333333333333334,0.48245245470927484,0.2608024691358027,0.9132620599677637,0.2266803840877916,0.8316186556927297,3.1512345679012346,1.8446254571790122,0.00017146776406035615,16.666666666666668,0.0,0.0,0.0,0.0,0.0,6.0,0.0,0.0,0.0,0.0,0.0,8.75,-0.5850178359096319,0.15605481122284187,0.029166809766851855,0.02466263230648258,0.02916680976685182,0.02466263230648258,0.42626064580756273,0.0427259192681137,0.20139044342144544,0.6228381630361539,0.20139044342144544,0.0427259192681137,0.42626064580756273,-62.94211417121729,-57.0868464005563,58.654444673382585,264.8951622831895,176.46827164451508,-101.73375290364861,84.96612647437972,228.496442069936,39.439228640214175,45.85234253415537,-263.28576751193003,98.58481288494009,25.0,0.03939655172413795,50.0,6.666666666666667,7.500000000000003,10.909090909090908,-1.8181818181818181,2.5,2.5,5.0,0.0,25.0,0.0,2.0,0.0,25.0,3.0,33.333333333333336,11.180339887498949,122.52431962264001,1.050139153828845,-0.9790209790209785,20.600448612248858,-0.8012791938484478,-256.4467780651921,0.6841167722819936,1.604915423274457,2.0,50.0,0.0,0.1002425606196293,-0.0022626264279863003,17.32714439801332,0.34206245225378373,8.975274678557506,120.0,80.55555555555556,1.2063147677518695,2.447354659943213,6.671643588114722,10.712863672123703,13.099946614869532,14.25694293787911,14.701828653266134,14.759006192177536,14.609807929496512,8.815809974589275,5.052605773683789,7.997418546371156,11.666325486796786,13.85754521015892,14.905820358757671,15.285080664348696,15.298133715176812,15.11633978448592,2.134812866690663,8.732886704244565,4.420325810697328,4.409974516820825,4.61927508451018,4.5191766881996,4.350064210286292,4.182095786283398,4.025497657022639,3.8803660578935855,76.26331018917152,19.539280272716994,19.44787523900907,21.33770230637653,20.42295793916671,18.923058633613703,17.48992516564935,16.204631386694754,15.057240743252605,8.0
201211,875.0,0.5499999999999999,1.0,7954.545454545455,0.038,0.0,0.0,0.0,0.0,0.08333333333333333,0.16666666666666666,0.25,0.3333333333333333,0.4166666666666667,0.5,0.5833333333333334,0.6666666666666666,0.75,0.8333333333333334,0.3861774018729913,0.046682098765432146,1.267932950034937,0.0576346021947873,0.9139231824417012,2.0696373456790123,2.507572879869041,0.05251200274348424,8.333333333333334,0.0,0.0,0.0,0.0,0.0,7.0,0.0,0.0,0.0,0.0,0.0,5.0,0.5894564937752382,0.1916796011319714,0.026236350351288646,0.08853790151770646,0.02623635035128859,0.08853790151770642,0.7604742772846876,0.0010594479587305028,0.15269449278595892,0.44640660155957496,0.15269449278595892,0.0010594479587305028,0.7604742772846875,-59.48847613508334,-16.416344625301285,17.097111736282557,9.528832648222803,202.73299796995795,-55.63801218270555,56.704091987640176,-186.20875817503847,75.40950924735402,130.22790273720355,195.0100535068631,2.389426781078232,20.0,0.039416168745850765,41.66666666666667,4.583333333333333,5.347222222222222,9.090909090909092,0.0,0.0,0.0,5.0,0.0,25.0,0.0,2.0,0.0,20.0,4.0,41.666666666666664,8.539125638299666,102.60334712983918,1.482729855669966,-0.4020979020979023,20.124643419631287,-0.6149495575390505,-201.3384310639874,0.7260057435474547,1.4538756519461555,1.0,41.66666666666667,0.0,0.06164189010733109,-0.00250732624133248,16.8507682985291,0.21077735656354557,7.20484019407941,100.0,51.90972222222223,0.2762166193524663,1.665955101245574,4.867514848500895,7.969404687710337,9.847831128757454,10.782298207781302,11.160140407467631,11.230902630585582,11.136094412233254,6.664028385245865,5.721589040189209,8.037739946507369,9.781041218022825,10.925745598383223,11.498819067592308,11.686203255903445,11.647331645183419,11.484084867646786,2.15648965937854,6.658301487508364,5.4736801829707895,6.39629288317097,5.6707456504556735,4.732033277573822,3.995608252531838,3.466787075073478,3.0866098806290556,2.8056383389776447,44.3329786985561,29.961174745447135,40.912562647303595,32.15735623216194,22.392138940066047,15.964885307700529,12.018612623896523,9.527160555196913,7.871606489141237,8.0
201212,900.0,0.5750000000000001,1.0,8181.818181818182,0.03027777777777778,2.0,9.0,0.0,5.0,0.08333333333333333,0.16666666666666666,0.25,0.3333333333333333,0.4166666666666667,0.5,0.5833333333333334,0.6666666666666666,0.75,0.8333333333333334,0.40701901811629004,0.00154320987654321,1.1794714454184931,0.11419753086419752,1.0401234567901234,1.4475308641975306,1.863738431124716,0.00154320987654321,8.333333333333334,0.0,0.0,0.0,0.0,0.0,6.0,0.0,0.0,0.0,0.0,0.0,5.0,0.5,0.12309130819212256,0.032839874601463426,0.16861374222996567,0.032839874601463405,0.16861374222996564,0.7136330441469139,0.06887617085476189,0.24421668740818903,0.366148334529093,0.24421668740818903,0.06887617085476189,0.7136330441469136,-66.33443821718997,-8.13848346300212,56.853809673049916,7.797065809944833,234.5519463522051,-70.59343285842954,-27.373458126840113,-304.37045656497656,60.43035814060532,178.74142539431344,274.542310625304,135.25789724755398,20.0,0.031160969978975335,50.0,5.0,5.0,9.545454545454545,0.45454545454545453,2.5,2.5,5.0,5.0,25.0,0.0,3.0,0.0,20.0,4.0,41.666666666666664,8.660254037844387,106.70236664343197,1.414213562373095,-0.5944055944055946,20.670170708830376,-0.7222521939474127,-194.81901444736505,0.7923071682313839,1.4230287887826236,1.0,50.0,0.0,0.08407449076635845,-0.002226769349744377,17.77351692411965,0.21643160505268266,7.0710678118654755,105.0,50.0,0.463005076833831,2.1824583245648275,5.361078127280244,8.354628441085653,10.107919169967763,10.945449297444483,11.255422084129913,11.279646917165946,11.152791813786314,6.516808779818331,5.720879841807661,7.941415291929415,9.796098988599688,11.021624480588498,11.623926680312993,11.817046081156386,11.775143167058582,11.606047383211985,2.15138572546712,6.500340219676458,5.288226718469901,5.8587471486733165,5.115050244704009,4.393879407141927,3.913158717246752,3.5997294054212015,3.379876037489427,3.2117862039218563,42.25442297154338,27.96534182593894,34.32491815208771,26.16373900584654,19.306176244505895,15.312811146364245,12.958051792254077,11.42356202879523,10.315570619702768,9.0
201301,925.0,0.5249999999999999,1.0,8409.09090909091,0.022702702702702703,2.0,9.0,0.0,5.0,0.08333333333333333,0.16666666666666666,0.25,0.3333333333333333,0.4166666666666667,0.5,0.5833333333333334,0.6666666666666666,0.75,0.8333333333333334,0.4137716237431476,0.17013888888888903,0.6909398830615282,0.5491469478737996,0.6947873799725651,0.5734953703703703,1.3175906382004738,0.12041323731138545,8.333333333333334,0.0,0.0,0.0,0.0,0.0,5.0,0.0,0.0,0.0,0.0,0.0,5.0,0.46452892561983505,0.06796421363236695,0.07231923475806079,0.1791625211243858,0.07231923475806076,0.17916252112438574,0.7531107593935611,0.01364783043603672,0.21600974271121792,0.3963549368610938,0.21600974271121798,0.01364783043603672,0.753110759393561,-66.61653908667162,-7.644885184249256,58.63003524282541,8.06566942713252,236.06510425335512,-69.91197872721153,-30.012827176212703,-308.67730002199556,57.823902358795905,181.07821613477364,277.57010703927017,136.50804427883287,20.0,0.023022841062218916,41.66666666666667,5.416666666666667,4.861111111111111,7.7272727272727275,-1.3636363636363635,5.0,5.0,5.0,0.0,16.666666666666668,0.0,3.0,0.0,20.0,3.0,41.66666666666667,8.779711460710615,87.67738224893117,1.3661204921596126,-0.8216783216783211,18.753635416268658,-0.8409271583450316,-238.63152473824184,0.7349946806098673,1.4636739936796663,1.0,41.66666666666667,0.0,0.20222728310877006,-0.0032124160716332593,17.059796150825257,0.2256238554470178,6.909634979907082,85.0,47.74305555555555,1.2154703151892392,2.4333918047557663,5.507481626710489,8.405939154692708,10.119954571142069,10.943642047737013,11.249273905004843,11.272604889813572,11.146066738285304,6.317204950953604,6.086010932059215,8.104895116221353,9.777715534834188,10.970944283285203,11.588327132045846,11.803396026321005,11.780318408619996,11.625549075717236,2.1557388044392605,6.199170130367974,5.578362966829223,5.946172800751349,4.994387650927975,4.2365242764522275,3.8113021987651834,3.5740725180594146,3.4211519706996807,3.3043286122297073,38.42971030524648,31.118133389691735,35.35697097639514,24.943908007741857,17.948137944969073,14.52602445031232,12.773994364347566,11.70428080662231,10.918587577599903,8.0
201302,525.0,0.44999999999999996,1.0,4772.727272727273,0.03,0.0,0.0,0.0,0.0,0.08333333333333333,0.16666666666666666,0.25,0.3333333333333333,0.4166666666666667,0.5,0.5833333333333334,0.6666666666666666,0.75,0.8333333333333334,0.3696025301680662,0.018904320987654308,0.6736300040020667,0.7571373456790124,0.5493827160493827,0.2663966049382716,1.3846261688374393,0.3244598765432099,16.666666666666668,0.0,0.0,0.0,0.0,0.0,6.0,0.0,0.0,0.0,0.0,0.0,5.0,3.7063711911357338,0.030772443722265914,0.20309556412867857,0.1321439272686178,0.20309556412867857,0.1321439272686178,0.07189779976072576,0.14659357237435391,0.32722703018221017,0.06741854135180406,0.32722703018221017,0.14659357237435391,0.07189779976072577,-48.28975390854616,-16.753228961485235,106.90968615919395,66.52121713947884,-41.464267719783905,-55.61805059688096,121.398432913363,-5.6437228282747665,152.72878556800936,230.3444132458862,40.85773422412215,11.81545988855949,20.0,0.022388962086807483,50.0,3.75,3.75,6.363636363636363,0.0,2.5,2.5,5.0,0.0,16.666666666666668,0.0,2.0,0.0,20.0,3.0,33.333333333333336,6.614378277661476,72.75141736802317,2.052667092526079,-0.367132867132867,20.7648657549859,-0.5701304661270606,-160.1598525390599,0.9555881981398401,1.6730252869004696,2.0,50.0,0.0,0.2296556492025473,-0.002178069040292964,17.470489112704403,0.14102336165997065,5.448623679425842,70.0,29.6875,0.4612706252539663,2.203264586100404,4.532121253870359,6.495910260690079,7.608038047270078,8.113503541838123,8.273832470620652,8.249659312396082,8.129834721596394,5.529535197528213,6.383977962159411,6.34529398760538,7.179824004382537,7.979612759742796,8.411398809510057,8.560146711979913,8.538737147603129,8.423159018924297,2.171441967585423,5.510262145395734,5.99172761271512,4.441017082759034,3.058271181397922,2.406652626936622,2.2187136383966917,2.1954061079271545,2.2029873593042217,2.2034961442243133,30.36298891098119,35.90079978497284,19.722632729357557,9.35302261896904,5.791976866740943,4.922690209207486,4.8198079787238575,4.853153305254188,4.855395257611416,8.0
201303,525.0,0.42500000000000004,1.0,4772.727272727273,0.02,2.0,9.0,0.0,5.0,0.08333333333333333,0.16666666666666666,0.25,0.3333333333333333,0.4166666666666667,0.5,0.5833333333333334,0.6666666666666666,0.75,0.8333333333333334,0.3696025301680662,0.018904320987654336,0.2529945151598994,0.6359953703703705,0.4722222222222223,0.26871141975308654,0.9426073366919525,0.17013888888888884,16.666666666666668,0.0,0.0,0.0,0.0,0.0,6.0,0.0,0.0,0.0,0.0,0.0,5.0,3.7063711911357338,0.030772443722265914,0.20309556412867857,0.1321439272686178,0.20309556412867857,0.1321439272686178,0.07189779976072576,0.14659357237435391,0.32722703018221017,0.06741854135180406,0.32722703018221017,0.14659357237435391,0.07189779976072577,-48.28975390854617,-16.75322896148524,106.90968615919388,66.52121713947888,-41.4642677197839,-55.61805059688095,121.398432913363,-5.643722828274781,152.72878556800936,230.34441324588616,40.85773422412214,11.81545988855953,20.0,0.011963413693438351,50.0,3.75,3.75,5.909090909090909,-0.45454545454545453,2.5,2.5,5.0,0.0,16.666666666666668,0.0,2.0,0.0,20.0,3.0,41.66666666666667,6.614378277661476,68.65239785443039,2.052667092526079,-0.6818181818181813,20.7648657549859,-0.5701304661270606,-160.15985253905993,0.9555881981398403,1.6730252869004696,2.0,50.0,0.0,0.2296556492025473,-0.002178069040292966,17.470489112704403,0.14102336165997043,5.448623679425842,65.0,29.6875,0.7113517768725802,2.4006917369573433,4.396968538662905,6.224189132249027,7.287129441170151,7.778151014671212,7.938415076925625,7.920267235188155,7.80895546102668,5.333203003405946,6.323301288090408,6.302708697633295,7.021080232788168,7.770068381201683,8.18726443291549,8.335229205815065,8.318234877573737,8.208949169405154,2.17116455386686,5.285549444010377,5.849856268667679,4.5156178533209586,3.2488516865566313,2.696610308550592,2.555712363990168,2.5411831850365214,2.5421247809045786,2.5312173106193705,27.93703292507841,34.220818364070546,20.390804597230986,10.555037281241868,7.271707156181318,6.531665687452214,6.45761197991236,6.4623984016891525,6.407061073579158,7.0
201304,525.0,0.3249999999999999,1.0,4772.727272727273,0.015714285714285715,2.0,9.0,0.0,5.0,0.08333333333333333,0.16666666666666666,0.25,0.3333333333333333,0.4166666666666667,0.5,0.5833333333333334,0.6666666666666666,0.75,0.8333333333333334,0.3696025301680662,0.24112654320987656,0.006947427532490092,0.1429398148148148,0.055555555555555566,0.4423225308641975,0.11920997987491729,0.0034722222222222225,16.666666666666668,0.0,0.0,0.0,0.0,0.0,6.0,0.0,0.0,0.0,0.0,0.0,5.0,3.7063711911357338,0.01388314789614975,0.20805316708305333,0.15664711837974282,0.20805316708305333,0.15664711837974282,0.03664002662247885,0.1714913276618023,0.3537566423399594,0.07523097980454115,0.35375664233995946,0.1714913276618023,0.036640026622478894,-63.56820794583691,-12.951243784066552,296.1706911898834,193.28694041616603,-57.76091419107584,-35.85040130877571,103.84197610375735,-1.6058628846445853,167.5039737343385,189.43805072601992,-45.77806925450798,12.375303753422779,20.0,0.011244864741456018,50.0,3.75,3.75,5.0,-1.3636363636363635,2.5,2.5,5.0,0.0,16.666666666666668,0.0,2.0,0.0,20.0,2.0,50.0,6.614378277661476,58.71812098965028,2.052667092526079,-0.5769230769230764,20.764865754985898,-0.5701304661270606,-160.15985253905993,0.9555881981398401,1.6730252869004696,2.0,50.0,0.0,0.22965564920254786,-0.0021780690402929655,17.470489112704403,0.14102336165997043,5.448623679425842,55.0,29.6875,0.9754236240793203,1.7269033040580577,3.5978151637683475,5.496789212232859,6.653965162745272,7.223179178743863,7.443615417812553,7.471723034843777,7.396628094472367,4.9127071103789115,5.206153597007236,5.077299748510419,6.012438826737712,6.910541881834014,7.423498740847715,7.640044363141507,7.675698361706487,7.608563358282987,2.1595512604419222,4.814897704620056,4.911399011897196,3.5825547844495698,2.436129922960513,1.8655660571403794,1.7128969925622313,1.7212981678005543,1.7577543145981955,1.7832916780685566,23.183239905955485,24.121840254064754,12.834698783582503,5.9347290015435945,3.480336713554301,2.9340161071287363,2.9628673824735454,3.0897002304885723,3.180129209068568,8.0
201305,125.0,0.25000000000000006,1.0,1136.3636363636363,0.056,0.0,0.0,0.0,0.0,0.08333333333333333,0.16666666666666666,0.25,0.3333333333333333,0.4166666666666667,0.5,0.5833333333333334,0.6666666666666666,0.75,0.8333333333333334,0.2733274773317827,0.0034722222222222125,0.019718682382198583,0.09852966392318242,0.019890260631001366,0.5364583333333334,0.01556081007321979,0.05251200274348423,33.333333333333336,0.0,0.0,0.0,0.0,0.0,7.0,0.0,0.0,0.0,0.0,0.0,5.0,-1.8857142857142857,0.18621407122744654,0.09635061487162991,0.14442233065104496,0.09635061487162991,0.14442233065104498,0.7705096171568642,0.13198306708863106,0.06251217340568252,0.525735178819007,0.06251217340568245,0.13198306708863106,0.7705096171568642,-72.4680838324007,-42.34857868500696,54.55403531418554,-4.53823958572837,161.32186157968673,101.7599973251976,168.55129711314595,209.17021286028324,-184.5427201904654,-119.60763349865356,81.50314561737225,16.78025313921666,5.0,0.05485714285714287,50.0,2.0833333333333335,2.4305555555555554,3.6363636363636362,0.0,0.0,0.0,5.0,0.0,16.666666666666668,0.0,1.0,0.0,5.0,3.0,41.666666666666664,3.227486121839514,43.792156108742276,0.33806170189140644,0.01748251748251744,19.245946296520284,-1.0631058822714101,-80.98612181134001,0.5333793718927409,1.553820567787665,1.0,50.0,0.0,0.18689162927457084,-0.002959227618932424,17.517247915543987,0.4467775488621958,2.465033242958173,40.0,6.076388888888888,0.3320273236094116,0.8738660758091523,2.2470877433120933,3.532050446994454,4.2799859075280695,4.636121490124035,4.767617558360206,4.777747211180419,4.723816200296151,2.5993184271823644,1.3683972483293725,2.5725488686825395,3.7817553442300107,4.477437640782047,4.8043417017894825,4.9184339242478226,4.916993117034244,4.854575123956214,2.1115646471833163,2.578025240812543,1.0530285422462733,1.252439362051663,1.3514041303394482,1.3149785011372006,1.2601891589612857,1.2086418346256724,1.1618747346508036,1.1191336559831107,6.6462141422665715,1.1088691107853113,1.5686043556163767,1.8262931234985202,1.7291684584530387,1.5880767163635525,1.4608150844073113,1.3499528990198753,1.2524601399541233,8.0
201306,150.0,0.25,1.0,1363.6363636363637,0.056666666666666664,5.0,5.0,5.0,5.0,0.08333333333333333,0.16666666666666666,0.25,0.3333333333333333,0.4166666666666667,0.5,0.5833333333333334,0.6666666666666666,0.75,0.8333333333333334,0.27894294565112987,0.006172839506172836,0.013117283950617275,0.1257716049382716,0.015432098765432094,0.4220679012345679,0.013117283950617292,0.15432098765432098,16.666666666666668,0.0,0.0,0.0,0.0,0.0,6.0,0.0,0.0,0.0,0.0,0.0,5.0,-2.0,0.024501366190694707,0.15986642327482126,0.282578021688706,0.15986642327482126,0.28257802168870605,0.38501230075484105,0.0061112451102549314,0.1544020327995402,0.9437192852672451,0.15440203279954018,0.0061112451102549314,0.38501230075484105,-64.72667516954264,-18.118299477126588,166.79455480031908,91.68440423676935,34.84296487876739,-129.7443309367911,28.018755679132173,319.3454260120134,-139.22060350854863,73.00166354081743,214.3805203475645,119.0398887629286,5.0,0.05333333333333333,50.0,2.5,2.5,3.6363636363636362,0.0,2.5,2.5,5.0,0.0,16.666666666666668,0.0,2.0,0.0,5.0,2.0,33.33333333333333,3.5355339059327378,43.792156108742276,0.0,0.03496503496503501,18.479018822282775,-1.6747683656302315,-86.33974596215563,0.5904362833084089,1.6564256688977368,2.0,50.0,0.0,0.39766280520661723,-0.003353647462826,18.894896849351888,0.9999999999999999,2.5,40.0,6.25,0.3320300915195389,0.8516179533062239,2.323939556985463,3.8221773038204834,4.73468522284378,5.189755235522521,5.3746909883702285,5.410534561753347,5.365946742142508,2.4328636125205563,1.4906106915895883,2.4746272910536073,3.961241378472588,4.8520576329106335,5.29245080482403,5.468465471976561,5.498440336226942,5.449552388186639,2.1020170889110954,2.4100998683565167,1.223383462160458,0.850344145099811,1.0403816206964567,1.060763457925989,1.0375336702243008,1.0083706648508277,0.9792659940587954,0.95091366173849,5.808581375452099,1.4966670954877086,0.7230851651055286,1.082393916682986,1.1252191136711016,1.076476116849108,1.0168113977317002,0.9589618871199609,0.9042367920809035,8.0
201307,125.0,0.25,1.0,1136.3636363636363,0.058,0.0,0.0,0.0,0.0,0.08333333333333333,0.16666666666666666,0.25,0.3333333333333333,0.4166666666666667,0.5,0.5833333333333334,0.6666666666666666,0.75,0.8333333333333334,0.2733274773317827,0.009645061728395046,0.015917382249821102,0.084383573388203,0.057956104252400574,0.2733410493827159,0.07234564930024748,0.25415809327846367,16.666666666666668,0.0,0.0,0.0,0.0,0.0,7.0,0.0,0.0,0.0,0.0,0.0,5.0,-1.8857142857142857,0.03833429800954417,0.02631754576702049,0.31569806866124633,0.0263175457670205,0.31569806866124633,0.11818856968293104,0.09642590327286374,0.01713808567921407,0.8051113069653623,0.017138085679214078,0.09642590327286374,0.11818856968293104,-58.477036185569446,-3.49317633304889,-50.4149409549549,40.256332786120964,59.00121180946035,-22.460899685123703,76.38127083741708,295.5310814554102,-52.89168364906249,169.20246446045564,-116.74510518173837,36.153580699320095,5.0,0.05126446452634401,50.0,2.0833333333333335,2.430555555555556,3.6363636363636362,0.0,0.0,0.0,5.0,0.0,16.666666666666668,0.0,2.0,0.0,5.0,3.0,33.33333333333333,3.227486121839514,43.792156108742276,0.3380617018914064,0.05244755244755242,22.243700444930532,-0.8372874463962376,-63.876002779105086,0.7313872422878581,1.5043249001372117,2.0,50.0,0.0,0.15396857353353235,-0.001417525485464298,19.3246884788172,0.4204953099133387,2.465033242958173,40.0,6.076388888888888,0.2575603735887903,0.8838138746720564,2.238524591361578,3.53121361494312,4.303908013183251,4.681282297823573,4.827403491105091,4.846856877865272,4.798597329917373,2.1844967397034334,2.02265255479161,2.7426545208611697,3.8254563023698642,4.5156420914241,4.85278637619066,4.976087642642028,4.980899771141487,4.922297227364134,2.1296222406306025,2.1692599336482785,1.8193395483917216,1.5846644675355388,1.471273709063564,1.366528196525056,1.278722667752993,1.2073209023789295,1.1477547367131264,1.096573599821966,4.705688659731734,3.309996392342194,2.511161474669693,2.1646463269816563,1.867399311898022,1.6351316610253317,1.4576237613210725,1.3173409356474182,1.2024736598265051,8.0
201308,150.0,0.27499999999999997,1.0,1363.6363636363637,0.058333333333333334,2.0,9.0,0.0,5.0,0.08333333333333333,0.16666666666666666,0.25,0.3333333333333333,0.4166666666666667,0.5,0.5833333333333334,0.6666666666666666,0.75,0.8333333333333334,0.27894294565112987,0.00154320987654321,0.027449362776077114,0.019290123456790112,0.16049382716049385,0.16743827160493824,0.112982735989355,0.26080246913580246,0.0,0.0,0.0,0.0,0.0,0.0,6.0,0.0,0.0,0.0,0.0,0.0,5.0,-2.0,0.16698383820160778,0.2366586945875893,0.5482517094167911,0.2366586945875893,0.5482517094167911,0.2402325229205447,0.3598990952018739,0.008616771312297617,0.32380656807503216,0.0086167713122976,0.3598990952018739,0.24023252292054467,-72.7083703403131,-13.894344343293826,181.56760954782658,161.98187213930683,39.63883823673775,-8.97834201607052,-29.443488244051444,23.57567621862384,-91.07658569749752,241.72682164779727,46.18552691091155,285.0166895634387,5.0,0.03791595072553569,50.0,2.5,2.5,4.090909090909091,0.45454545454545453,2.5,2.5,5.0,0.0,25.0,0.0,3.0,0.0,5.0,3.0,33.33333333333333,3.5355339059327378,47.89117562233506,0.0,0.06993006993006992,23.775027008356727,-1.1065666082084886,-53.686995620237546,0.6676909948871712,1.3362534359786127,0.0,50.0,0.0,0.012445531318280282,-0.0006299861099879678,20.676877139133172,0.46330518611214355,2.5,45.0,6.25,0.18565296664517414,1.0568251773027166,2.638472027256013,4.054937996396588,4.873337256626991,5.259610608597447,5.3984845524161935,5.403905227519488,5.33909776572641,2.0888247606797137,2.09015794979682,2.9284893561449823,4.145870463321767,4.9473886368952105,5.345857643751536,5.497575898534874,5.512128362943559,5.452991041726347,2.1119516182045395,2.0805580637907006,1.8032972022708642,1.2706357741075913,0.8635506609476151,0.8527826848917417,0.9563943711596836,1.039088686049107,1.0869072552680838,1.108668728323774,4.328721856804509,3.251880799717926,1.6145152704419976,0.745719744023063,0.7272383076511676,0.9146901931859267,1.07970529747526,1.1813673815543995,1.229146349163054,9.0
201309,150.0,0.27499999999999997,1.0,1363.6363636363637,0.04833333333333333,2.0,9.0,0.0,5.0,0.08333333333333333,0.16666666666666666,0.25,0.3333333333333333,0.4166666666666667,0.5,0.5833333333333334,0.6666666666666666,0.75,0.8333333333333334,0.27894294565112987,0.00154320987654321,0.003201194687956674,0.07484567901234568,0.16049382716049382,0.07484567901234565,0.17426794111451244,0.26080246913580246,0.0,0.0,0.0,0.0,0.0,0.0,6.0,0.0,0.0,0.0,0.0,0.0,5.0,-2.0,0.16698383820160778,0.2366586945875893,0.5482517094167911,0.2366586945875893,0.5482517094167911,0.2402325229205447,0.3598990952018739,0.008616771312297617,0.32380656807503216,0.0086167713122976,0.3598990952018739,0.24023252292054467,-74.2868454807633,29.528691217398688,-93.13359691868888,7.459770525241268,74.97277404178212,-15.70387959404692,-84.36981262267959,128.876522506376,226.60828854705073,314.5174144020452,-88.16012170992941,45.738051389339745,5.0,0.04599144982823697,50.0,2.5,2.5,4.090909090909091,-0.45454545454545453,2.5,2.5,5.0,0.0,25.0,0.0,3.0,0.0,5.0,3.0,33.33333333333333,3.5355339059327378,47.89117562233506,0.0,-0.1398601398601398,23.775027008356727,-1.1065666082084884,-53.686995620237546,0.6676909948871711,1.3362534359786127,0.0,50.0,0.0,0.012445531318280282,-0.0006299861099879678,20.676877139133172,0.46330518611214355,2.5,45.0,6.25,0.4970330151461799,1.2528048770716844,2.78362777355829,4.148377328041758,4.934395642666542,5.301234539986045,5.42807143124448,5.425710842340947,5.355664559022494,2.0885779289313375,2.074124587978552,2.980286709337908,4.198237514457237,4.985175841962806,5.372485275809194,5.516771029543724,5.526374011175612,5.463855863011792,2.112578790069709,2.028574856167209,1.6530192819330929,1.064671446095505,0.6451075662129445,0.7097308059560482,0.8720724688037872,0.9852934231590192,1.0499864602465716,1.0819325408724576,4.1151159470738135,2.732472746442598,1.1335252881310938,0.41616377198518856,0.5037178169230218,0.7605103908455323,0.9708031297204182,1.1024715667011251,1.1705780229987324,9.0
201310,125.0,0.25,1.0,1136.3636363636363,0.048,0.0,0.0,0.0,0.0,0.08333333333333333,0.16666666666666666,0.25,0.3333333333333333,0.4166666666666667,0.5,0.5833333333333334,0.6666666666666666,0.75,0.8333333333333334,0.2733274773317827,0.003472222222222209,0.002879266556269006,0.12116340877914954,0.16803840877914952,0.017939814814814804,0.2731409666398901,0.15950788751714676,25.0,0.0,0.0,0.0,0.0,0.0,7.0,0.0,0.0,0.0,0.0,0.0,5.0,-1.8857142857142861,0.02936417514163514,0.04267729418927474,0.1597166490425186,0.04267729418927472,0.15971664904251856,0.07284614438070641,0.4352416536062135,0.260024592159646,0.1049239677524009,0.260024592159646,0.4352416536062135,0.07284614438070636,-63.950929877618606,-11.82891093140199,-40.82331466648171,-21.77345460784519,-23.90628497315369,137.07346495989708,89.90530492131141,105.60360938882309,218.9797590437168,166.38263143652517,-76.2633102481952,-41.51824008570177,5.0,0.06032526821808749,50.0,2.0833333333333335,2.4305555555555554,3.6363636363636362,0.0,0.0,0.0,5.0,0.0,25.0,0.0,2.0,0.0,5.0,3.0,25.0,3.227486121839514,43.792156108742276,0.33806170189140644,-0.12237762237762219,22.89006204833324,-0.8624445964708972,-58.06213973374308,0.8199865431156876,1.498361177511515,1.0,50.0,0.0,0.10432755153186764,-0.0010851109465714755,19.39821411067532,0.40093294630518195,2.465033242958173,40.0,6.076388888888888,0.19454363258729712,1.116605019286579,2.416242554754897,3.6108701497767366,4.317057039463873,4.6548344012638365,4.777777150040707,4.783626734556251,4.727407483474213,2.4388902945580213,1.9203027499402698,2.6249972952616534,3.73720223531873,4.433645937984499,4.770367057128365,4.892743185391878,4.897369385060818,4.83931870287313,2.128101350659901,2.43111880497623,1.5622918684843048,1.0258570644697642,0.9634818675629754,1.01006674107302,1.0435126048813599,1.0544104432086974,1.0493532094436357,1.0347096178009005,5.910338643909053,2.4407558823321804,1.0523827167225221,0.9282973091226389,1.020234821421871,1.0889185565462813,1.1117813827475616,1.1011421581696588,1.0706239931696857,8.0
201311,150.0,0.25,1.0,1363.6363636363637,0.05,5.0,5.0,5.0,5.0,0.08333333333333333,0.16666666666666666,0.25,0.3333333333333333,0.4166666666666667,0.5,0.5833333333333334,0.6666666666666666,0.75,0.8333333333333334,0.27894294565112987,0.013888888888888883,1.1932352182573217e-05,0.0933641975308642,0.11111111111111112,0.006944444444444445,0.44906214172189163,0.07561728395061729,16.666666666666668,0.0,0.0,0.0,0.0,0.0,6.0,0.0,0.0,0.0,0.0,0.0,5.0,-2.0,0.03267122636307266,0.0012991228445244176,0.2632811143223294,0.0012991228445244176,0.2632811143223294,0.017321392192122382,0.2314311505368043,0.5122360038914484,0.2072534045849195,0.5122360038914484,0.2314311505368043,0.017321392192122437,-64.92824587061335,-20.001387294721077,292.2812993436626,207.92470963195285,-39.938927511976324,75.53216515299255,66.34024111230904,6.7424693631497465,207.66850167755695,68.41517054648725,-233.75343856092857,102.72339984057984,5.0,0.06190312546789115,50.0,2.5,2.5,3.6363636363636362,0.0,2.5,2.5,5.0,0.0,16.666666666666668,0.0,2.0,0.0,5.0,3.0,25.0,3.5355339059327378,43.792156108742276,0.0,-0.10489510489510474,19.611175262081915,-1.20682759921435,-88.6602540378444,0.7983712163629918,1.5748241508064988,1.0,50.0,0.0,0.364587307938945,-0.0027713955795007268,19.11795530498328,0.5249312117650297,2.5,40.0,6.25,0.3409235253717888,1.0038250617900064,2.4538527035819557,3.8558276588130744,4.688704737404213,5.0921700553244715,5.245899337640785,5.263453769380593,5.20853035124814,2.4828330956947404,1.6719532609665175,2.536792220438839,3.895812864666683,4.731386922501224,5.1448177974570815,5.3078351877500465,5.332256628708458,5.281907021332174,2.107488939808893,2.4593152158528198,1.3370725306350668,0.6433674523960148,0.5567323791863681,0.6340899745768662,0.73413506706049,0.8084890349643259,0.8538238530273786,0.8773558925117336,6.0482313309252005,1.7877629521788616,0.4139216788025384,0.3099509420345139,0.4020700958588908,0.5389542966879102,0.6536545196575471,0.7290151719985186,0.7697533621250607,8.0
201312,125.0,0.22500000000000003,1.0,1136.3636363636363,0.05,2.0,9.0,0.0,5.0,0.08333333333333333,0.16666666666666666,0.25,0.3333333333333333,0.4166666666666667,0.5,0.5833333333333334,0.6666666666666666,0.75,0.8333333333333334,0.2733274773317827,0.0034722222222222324,0.02079635381345755,0.037058470507544544,0.06618655692729765,0.03877314814814816,0.47281647197529425,0.07926097393689983,41.66666666666667,0.0,0.0,0.0,0.0,0.0,7.0,0.0,0.0,0.0,0.0,0.0,5.0,-1.8857142857142861,0.28766044519006756,0.29879577829616333,0.49939693931606277,0.29879577829616333,0.49939693931606277,0.3673314661511553,0.10202693569330837,0.6254728193606759,0.038176638572429845,0.625472819360676,0.10202693569330837,0.3673314661511553,-96.57008313672459,11.453569096807998,60.182420427326946,-105.12130117655119,106.67233524347269,147.3408009196545,201.4499934716697,29.832206050440483,253.11499441829045,-275.633852184273,-117.60217301639568,243.556336938924,5.0,0.06481464333840235,50.0,2.0833333333333335,2.4305555555555554,4.090909090909091,-0.45454545454545453,0.0,0.0,5.0,0.0,25.0,0.0,2.0,0.0,5.0,4.0,25.0,3.227486121839514,47.89117562233506,0.3380617018914064,-0.08741258741258738,21.748848224535585,-1.2482050807568879,-57.85898384862246,0.44338246287776023,1.3033398664579228,1.0,50.0,0.0,0.015006887495747686,-0.0016720209130959833,19.340253275184356,0.5973226446315079,2.465033242958173,45.0,6.076388888888888,0.47896189057554256,0.8338440477873824,2.1018988572821176,3.35027125672628,4.100371983676526,4.468821520190009,4.613461103610954,4.635252732424023,4.591204408311329,2.075222540277391,0.9645028699648466,2.221330833164633,3.474425596682771,4.2062832866808915,4.562489226134704,4.699809715699932,4.716785232413548,4.66915598634746,2.097982821095155,2.0191939230919966,0.4847369287974448,0.7185623592451885,0.920497546568236,0.9379598516416583,0.9197511398644257,0.8967653033298555,0.873209617027981,0.8496232729550967,4.077144099051648,0.23496989013997907,0.5163318641240114,0.8473157332381419,0.8797686832916417,0.8459421592819104,0.8041880092562878,0.7624950352701533,0.7218597059469306,9.0
201401,100.0,0.20000000000000004,1.0,909.0909090909091,0.0525,0.0,0.0,0.0,0.0,0.08333333333333333,0.16666666666666666,0.25,0.3333333333333333,0.4166666666666667,0.5,0.5833333333333334,0.6666666666666666,0.75,0.8333333333333334,0.25615214493032046,0.006172839506172822,0.039937090020254216,0.01680384087791495,0.0713305898491084,0.07716049382716049,0.40107799914298303,0.11591220850480112,8.333333333333334,0.0,0.0,0.0,0.0,0.0,8.0,0.0,0.0,0.0,0.0,0.0,5.0,-1.4999999999999998,0.11935621377700008,0.18800943572066037,0.5118588117466157,0.18800943572066037,0.5118588117466158,0.1750028755304566,0.17299027987747523,0.30831783049334727,0.15276879476440489,0.30831783049334727,0.17299027987747523,0.1750028755304566,-79.52651279541341,52.29242412442542,59.9419243407994,126.01907956854775,58.794015547874196,82.30591616781614,26.551161747825205,-9.723421858614104,240.08493733297144,5.441644695258998,-124.2058665633177,-36.77185623811098,5.0,0.06857050807568879,50.0,1.6666666666666667,2.2222222222222228,3.6363636363636362,0.0,0.0,0.0,5.0,0.0,25.0,0.0,2.0,0.0,5.0,4.0,33.33333333333333,2.886751345948129,43.792156108742276,0.7071067811865472,-0.034965034965034995,23.365631449373065,-0.6717759357021151,-47.20710800870311,0.7525249555088558,1.4078272129418978,2.0,50.0,0.0,0.011243243563554228,-0.0008405323974652778,19.210080140211577,0.23603534855125752,2.357022603955158,40.0,5.5555555555555545,0.1017268369501551,0.7396747798806683,1.9165694998321623,2.9740278400423708,3.583036847571046,3.8698617693339616,3.9729765221397297,3.9772505478368636,3.9296021960961998,1.7781910523983693,1.4284165254915013,2.342123315542771,3.251646014703463,3.7873283574665733,4.035822688400161,4.11670155733116,4.106622635878867,4.048837155937099,2.1237738373052064,1.775278870902748,1.221988130181999,1.346218027483719,1.3146711419932449,1.2270709173550627,1.1454408140331527,1.0782806993817946,1.0226571044314263,0.9753506527053412,3.151615069473736,1.493254990305698,1.8123029775221553,1.7283602115898227,1.505703036218595,1.3120346584529314,1.162689266659292,1.045827553244069,0.951308895732735,8.0
201402,100.0,0.19999999999999998,1.0,909.0909090909091,0.0425,0.0,0.0,0.0,0.0,0.08333333333333333,0.16666666666666666,0.25,0.3333333333333333,0.4166666666666667,0.5,0.5833333333333334,0.6666666666666666,0.75,0.8333333333333334,0.25615214493032046,0.0015432098765432033,0.05308998064867659,0.0229766803840878,0.11556927297668039,0.05864197530864196,0.37146420316476647,0.06189986282578873,8.333333333333334,0.0,0.0,0.0,0.0,0.0,8.0,0.0,0.0,0.0,0.0,0.0,5.0,-1.4999999999999998,0.11935621377700008,0.18800943572066037,0.5118588117466157,0.18800943572066037,0.5118588117466158,0.1750028755304566,0.17299027987747523,0.30831783049334727,0.15276879476440489,0.30831783049334727,0.17299027987747523,0.1750028755304566,-79.52651279541342,52.29242412442543,59.94192434079939,126.01907956854774,58.79401554787418,82.3059161678161,26.55116174782521,-9.723421858614149,240.0849373329715,5.441644695258979,-124.20586656331768,-36.771856238110914,5.0,0.057230762113533167,50.0,1.6666666666666667,2.2222222222222228,3.6363636363636362,0.0,0.0,0.0,5.0,0.0,25.0,0.0,2.0,0.0,5.0,4.0,25.000000000000004,2.886751345948129,43.792156108742276,0.7071067811865472,-0.17482517482517484,23.365631449373062,-0.671775935702115,-47.207108008703095,0.7525249555088558,1.4078272129418974,2.0,50.0,0.0,0.011243243563554804,-0.0008405323974652797,19.210080140211577,0.23603534855125774,2.357022603955158,40.0,5.5555555555555545,0.10200555799603817,0.7840422482004135,1.9094776901443697,2.9369881429341977,3.544022430400933,3.836620376992053,3.9461809695760794,3.955885191335885,3.9124906953919165,1.7780339883037908,1.3805703556711773,2.3436912683542417,3.2452749346333936,3.773961292219968,4.021576015176973,4.103904047156643,4.095765322942787,4.039792914818486,2.12295958177952,1.7751055545238434,1.1363328121615086,1.3589642056363496,1.3805470110154556,1.2971849706150935,1.2055777572168695,1.126802637387875,1.0612567708100091,1.0061527483882946,3.1509997297014016,1.2912522599948826,1.8467837122008348,1.9059100496237085,1.6826888479896809,1.4534177286960572,1.269684183624271,1.1262659335900882,1.0123433530893187,8.0
201403,100.0,0.17500000000000002,1.0,909.0909090909091,0.0325,2.0,9.0,0.0,5.0,0.08333333333333333,0.16666666666666666,0.25,0.3333333333333333,0.4166666666666667,0.5,0.5833333333333334,0.6666666666666666,0.75,0.8333333333333334,0.25615214493032046,0.006172839506172853,0.08240831666917918,0.03737997256515776,0.05486968449931412,0.11419753086419754,0.30099360376977824,0.03360768175582992,8.333333333333334,0.0,0.0,0.0,0.0,0.0,8.0,0.0,0.0,0.0,0.0,0.0,5.0,-1.4999999999999998,0.11935621377700008,0.18800943572066037,0.5118588117466157,0.18800943572066037,0.5118588117466158,0.1750028755304566,0.17299027987747523,0.30831783049334727,0.15276879476440489,0.30831783049334727,0.17299027987747523,0.1750028755304566,-79.52651279541341,52.29242412442542,59.94192434079938,126.01907956854775,58.794015547874196,82.30591616781614,26.551161747825205,-9.72342185861412,240.08493733297158,5.441644695258979,-124.20586656331761,-36.771856238110956,5.0,0.049485571585149886,50.0,1.6666666666666667,2.2222222222222228,3.1818181818181817,-0.45454545454545453,0.0,0.0,5.0,0.0,25.0,0.0,2.0,0.0,5.0,3.0,25.000000000000004,2.886751345948129,39.69313659514949,0.7071067811865472,-0.3146853146853146,23.365631449373065,-0.6717759357021151,-47.20710800870311,0.7525249555088558,1.4078272129418978,2.0,50.0,0.0,0.011243243563554228,-0.0008405323974652778,19.210080140211577,0.23603534855125763,2.357022603955158,35.0,5.5555555555555545,0.24866140391628588,0.7378778815265145,1.8631442156102667,2.854779098036333,3.4219563958554495,3.687080893312293,3.7804341746024837,3.781559519086319,3.7343715206152024,1.6946996902987805,1.4165756113586316,2.347242998519259,3.2239306070977287,3.7249138677720888,3.9509569754042206,4.019046811958969,4.00222761628652,3.941314935223048,2.126030574336845,1.6763575234719963,1.2092240051578633,1.4276705943373933,1.4979869361234062,1.4714610926507046,1.4196814810606948,1.3642047970210291,1.3105851731856781,1.2603304188308544,2.8101745465011647,1.4622226946500243,2.0382433259356856,2.24396486079639,2.165197747184805,2.015495507666688,1.8610547282151872,1.717633496174134,1.588432764630357,7.0
201404,75.0,0.15000000000000002,1.0,681.8181818181819,0.03333333333333333,0.0,0.0,0.0,0.0,0.08333333333333333,0.16666666666666666,0.25,0.3333333333333333,0.4166666666666667,0.5,0.5833333333333334,0.6666666666666666,0.75,0.8333333333333334,0.22630030977895446,0.0003858024691358019,0.09336718061890985,0.04417438271604939,0.030864197530864196,0.18306327160493827,0.20562973296133705,0.009645061728395058,8.333333333333334,0.0,0.0,0.0,0.0,0.0,9.0,0.0,0.0,0.0,0.0,0.0,1.25,-0.6666666666666665,0.059221948780893166,0.11556647657506958,0.3903179335093123,0.1155664765750696,0.3903179335093122,0.4070888513159041,0.07399679222161608,0.22825489477142016,0.05176190104194448,0.22825489477142016,0.07399679222161608,0.4070888513159041,-72.35623069537277,17.556069959048394,131.31519454668884,134.8955279463145,65.76591046807671,10.612890751311769,202.08578651974275,-18.64386513932706,-82.96688261087768,-53.9850190517564,81.13250286590686,60.78723865812154,5.0,0.0510579283187226,50.0,1.25,1.875,2.727272727272727,0.0,0.0,0.0,5.0,0.0,25.0,0.0,1.0,0.0,5.0,3.0,33.333333333333336,2.5,35.5941170815567,1.1547005383792515,-0.2272727272727273,22.498643447528977,-0.45552531882183644,-46.538236438170685,0.8684685841181412,1.4863560403153786,1.0,50.0,0.0,0.01871535539009167,-0.0012864119412708123,17.835642287430883,0.1283765153960078,2.165063509461097,30.0,4.6875,0.0928278672776507,0.5555136570675102,1.4494255222727712,2.2350628748734467,2.6825517581072975,2.891141270910324,2.9643930984251146,2.965149739052059,2.927995270290207,1.7880178264182587,1.4294638864331128,2.1154486774690566,2.697796194968806,3.0200817169927765,3.1595660488503374,3.192348343492666,3.1672038916680125,3.1120592902357243,2.155545087404612,1.7856065453078283,1.3171072771144876,1.540872727511875,1.5108270102664343,1.3873750907341118,1.2744252699498582,1.184677806076368,1.1131340963228622,1.0543987495727867,3.1883907346461573,1.73477157942794,2.374288762389885,2.2825982549506123,1.9248096423894852,1.624159768686769,1.4034615042099168,1.2390675163965152,1.111756723100656,6.0
201405,75.0,0.12499999999999999,1.0,681.8181818181819,0.023333333333333334,2.0,9.0,0.0,0.0,0.08333333333333333,0.16666666666666666,0.25,0.3333333333333333,0.4166666666666667,0.5,0.5833333333333334,0.6666666666666666,0.75,0.8333333333333334,0.22630030977895446,0.009645061728395065,0.09215238574406731,0.004822530864197525,0.07716049382716049,0.1807484567901234,0.11888156487321666,0.00038580246913580304,8.333333333333334,0.0,0.0,0.0,0.0,0.0,9.0,0.0,0.0,0.0,0.0,0.0,1.25,-0.6666666666666665,0.059221948780893166,0.11556647657506958,0.3903179335093123,0.1155664765750696,0.3903179335093122,0.4070888513159041,0.07399679222161608,0.22825489477142016,0.05176190104194448,0.22825489477142016,0.07399679222161608,0.4070888513159041,-72.35623069537277,17.556069959048376,131.3151945466888,134.89552794631453,65.7659104680767,10.612890751311769,202.0857865197428,-18.64386513932706,-82.96688261087762,-53.98501905175645,81.13250286590691,60.78723865812144,5.0,0.033173784956167775,50.0,1.25,1.875,2.272727272727273,-0.45454545454545453,0.0,0.0,0.0,0.0,25.0,0.0,1.0,0.0,5.0,2.0,41.666666666666664,2.5,31.49509756796392,1.1547005383792515,-0.332167832167832,22.49864344752898,-0.45552531882183644,-46.53823643817067,0.8684685841181412,1.486356040315378,1.0,50.0,0.0,0.018715355390091094,-0.001286411941270808,17.835642287430886,0.12837651539600792,2.165063509461097,25.0,4.6875,0.2483771470501485,0.5468810098745452,1.2577143889109208,1.9989128401817595,2.4589048217144063,2.6904593252954396,2.785012331086056,2.8033329244121856,2.7803163551076526,1.7048931949939152,1.4319191139326208,2.1109940079599423,2.6388065225785162,2.936010397419122,3.070019051571707,3.104786924770724,3.083888779271628,3.0333586255562883,2.1579861099843765,1.6867037674588239,1.323372022480519,1.6954203660358718,1.7226860773104926,1.604351623398946,1.4786634491810677,1.3723731868285194,1.285182678775307,1.2128913870407474,2.8449695991597905,1.751313509884179,2.8744502175692097,2.9676473209594127,2.573944131502834,2.1864455959440523,1.8834081639258662,1.6516945178240736,1.4711055167576284,5.0
201406,50.0,0.10000000000000002,1.0,454.54545454545456,0.025,0.0,0.0,0.0,0.0,0.08333333333333333,0.16666666666666666,0.25,0.3333333333333333,0.4166666666666667,0.5,0.5833333333333334,0.6666666666666666,0.75,0.8333333333333334,0.18131916903387266,4.382560584561177e-34,0.08350435915842395,0.002657750342935523,0.09499314128943762,0.14120370370370372,0.06687286992250879,0.0027434842249657093,8.333333333333334,0.0,0.0,0.0,0.0,0.0,10.0,0.0,0.0,0.0,0.0,0.0,0.0,1.200000000000002,0.2350018146228679,3.700743415417188e-17,0.0,0.0,1.850371707708594e-17,0.80471895621705,0.0,0.0,0.45814536593707755,0.0,0.0,0.80471895621705,-66.14197920012785,-33.57148648309714,61.43246035656458,-49.207559000704556,244.80661494747594,-2.7527986112103755,-22.421114304350052,-219.54796926435966,41.93960652955802,105.85890042641306,284.3469611824233,95.43919567872318,5.0,0.02135898384862245,41.66666666666667,0.8333333333333334,1.388888888888889,1.8181818181818181,0.0,0.0,0.0,0.0,0.0,25.0,0.0,0.0,0.0,5.0,2.0,41.666666666666664,2.041241452319315,27.396078054371138,1.7888543819998326,-0.20979020979020974,20.955988548011913,-0.3574671867573105,-40.60660171779822,0.8277293767706428,1.4444665402969339,1.0,41.66666666666667,0.0,-0.14962158364451839,-0.002079777318165301,15.731011174500319,0.28286283439936377,1.8633899812498247,20.0,3.472222222222222,0.09254361041151325,0.4027419150831573,0.9357592973815058,1.4417270652810101,1.7380336561022023,1.8790387968058289,1.930585362120693,1.9337265943837767,1.9113212212864807,1.868303858949274,1.3141194202630728,1.8126070235766738,2.0359066991430588,2.1508291553203263,2.194253649069935,2.190777027365283,2.160041358379032,2.1149244625631676,2.182565839793879,1.866010447327868,1.250883208196395,1.5523848618443687,1.4374766630633664,1.2670063400125355,1.1331205922386314,1.0355405077527284,0.9625383774587146,0.9054041481062796,3.48199498953675,1.5647088005477057,2.4098987592835597,2.0663391568517913,1.6053050656319607,1.2839622765552268,1.0723441431967784,0.926480128080855,0.8197566714080579,4.0
201407,50.0,0.07500000000000001,1.0,454.54545454545456,0.015,2.0,9.0,0.0,0.0,0.08333333333333333,0.16666666666666666,0.25,0.3333333333333333,0.4166666666666667,0.5,0.5833333333333334,0.6666666666666666,0.75,0.8333333333333334,0.18131916903387266,0.013888888888888897,0.05219962332480721,0.03094993141289438,0.050754458161865565,0.0625,0.049823696291105043,0.020747599451303153,8.333333333333334,0.0,0.0,0.0,0.0,0.0,10.0,0.0,0.0,0.0,0.0,0.0,0.0,1.200000000000002,0.2350018146228679,3.700743415417188e-17,0.0,0.0,1.850371707708594e-17,0.80471895621705,0.0,0.0,0.45814536593707755,0.0,0.0,0.80471895621705,-66.14197920012784,-33.57148648309712,61.432460356564604,-49.207559000704556,244.80661494747588,-2.7527986112103755,-22.421114304350077,-219.54796926435966,41.939606529558056,105.85890042641303,284.34696118242323,95.43919567872325,5.0,0.016,41.66666666666667,0.8333333333333334,1.388888888888889,1.3636363636363635,-0.45454545454545453,0.0,0.0,0.0,0.0,25.0,0.0,0.0,0.0,5.0,1.0,50.0,2.041241452319315,23.29705854077835,1.7888543819998326,-0.27972027972027963,20.955988548011913,-0.3574671867573104,-40.60660171779822,0.9609640474436811,1.4444665402969339,1.0,41.66666666666667,0.0,-0.14962158364451827,-0.0020797773181652993,15.731011174500319,0.28286283439936377,1.8633899812498247,15.0,3.472222222222222,0.239478177377644,0.40094501672900346,0.8823340131596099,1.3224783232749728,1.5769532043866057,1.6962579207841604,1.738043014583447,1.7380355656332325,1.7160905458054838,1.797632361115714,1.3141046779416823,1.8031342407012307,1.993557859199305,2.077186345101744,2.1009147752314328,2.0867758184552607,2.05091173020844,2.0038775617694076,2.1866182644223575,1.7816094713180939,1.251444844229418,1.5725074814482958,1.491751997633364,1.3520065471187475,1.239577330771557,1.1549198223025297,1.0887935055374585,1.0346779794505838,3.174132308290338,1.566114198148392,2.472779779210862,2.225324022443132,1.8279217034519577,1.536551958962738,1.3338397959473065,1.1854712977005477,1.0705585211599427,3.0
201408,25.0,0.049999999999999996,1.0,227.27272727272728,0.02,0.0,0.0,0.0,0.0,0.08333333333333333,0.16666666666666666,0.25,0.3333333333333333,0.4166666666666667,0.5,0.5833333333333334,0.6666666666666666,0.75,0.8333333333333334,0.11543129118376824,0.00038580246913580136,0.055984114480964006,0.04477451989026063,0.041495198902606306,0.04648919753086419,0.05182624217198522,0.026791838134430725,25.0,0.0,0.0,0.0,0.0,0.0,11.0,0.0,0.0,0.0,0.0,0.0,0.0,7.0909090909090935,0.0,0.0,0.0,0.0,0.0,0.0,0.0,0.0,0.0,0.0,0.0,0.0,-56.187817999448015,-43.12337651527744,138.496503062614,141.33936300848407,-19.642442383355178,7.525180332440271,33.44105649742397,58.96118484371929,80.53285144634464,103.3086470003886,119.61873166738303,131.9234475301519,5.0,0.010909090909090906,50.0,0.4166666666666667,0.7638888888888888,0.9090909090909091,0.0,0.0,0.0,0.0,0.0,25.0,0.0,0.0,0.0,5.0,1.0,50.0,1.4433756729740645,19.19803902718557,3.015113445777638,-0.12237762237762234,24.999999999999996,-5.773159728050815e-17,-17.500000000000007,0.9207822211616017,1.7499999999999996,1.0,50.0,0.0,7.858034223318099e-16,0.0,16.666666666666668,-2.220446049250313e-16,1.3819269959814164,10.0,1.9097222222222217,0.009177690718387513,0.26675372080051934,0.5518157696796788,0.7644557163228893,0.8800041444295824,0.929998199994087,0.9434019783629713,0.9375389022896767,0.9218765416055333,1.434229133579528,1.350598263063899,1.2928477198688189,1.2296057334212545,1.1901453816920524,1.1640771299064943,1.138864437386484,1.1113669125367471,1.082111153429906,2.1968630123465043,1.4341997690703208,1.3239932479549508,1.169168329669782,0.9630875959349074,0.8012731964502993,0.7001277828933081,0.6379693675753285,0.5967890925401785,0.5666640895758464,2.0569289776013613,1.7529581206303,1.3669545831028278,0.9275377174436795,0.6420387353496799,0.4901789123790992,0.4070049139644647,0.35615722097492974,0.3211081904148228,2.0
201409,25.0,0.05,1.0,227.27272727272728,0.01,0.0,0.0,0.0,0.0,0.08333333333333333,0.16666666666666666,0.25,0.3333333333333333,0.4166666666666667,0.5,0.5833333333333334,0.6666666666666666,0.75,0.8333333333333334,0.11543129118376824,0.0003858024691358033,0.03614265523727857,0.03217163923182441,0.028120713305898493,0.02565586419753086,0.0248570018271933,0.012388545953360764,25.0,0.0,0.0,0.0,0.0,0.0,11.0,0.0,0.0,0.0,0.0,0.0,0.0,7.0909090909090935,0.0,0.0,0.0,0.0,0.0,0.0,0.0,0.0,0.0,0.0,0.0,0.0,-56.187817999448,-43.123376515277435,138.49650306261398,141.33936300848407,-19.642442383355156,7.52518033244028,33.44105649742398,58.9611848437193,80.5328514463446,103.3086470003885,119.61873166738297,131.9234475301519,5.0,0.005585085035862712,50.0,0.4166666666666667,0.7638888888888888,0.9090909090909091,0.0,0.0,0.0,0.0,0.0,25.0,0.0,0.0,0.0,5.0,1.0,33.333333333333336,1.4433756729740645,19.19803902718557,3.015113445777638,-0.1573426573426572,24.999999999999996,-5.773159728050815e-17,-17.500000000000007,0.9207822211616017,1.7499999999999996,1.0,50.0,0.0,7.858034223318099e-16,0.0,16.666666666666668,-2.220446049250313e-16,1.3819269959814164,10.0,1.9097222222222217,0.09253807459125886,0.33256277108616566,0.5067648646105275,0.6738820068425385,0.7730346090629405,0.8182140242717839,0.831596180464628,0.8277415432203673,0.8149167880822951,1.4048579160951096,1.3312196268825203,1.2833940229716703,1.1889016349025892,1.1309890590117386,1.0977828296472687,1.0709835523570896,1.044256143663193,1.0167004877998136,2.1957911328743727,1.4018068587241386,1.2890103561588353,1.1791054194581931,0.9794744194352001,0.8255626837467673,0.7318831543035655,0.6748729969824341,0.6366434097715047,0.6079395614648011,1.965062469166037,1.6615476982847273,1.3902895901956818,0.9593701383279223,0.6815537447951651,0.5356529515533368,0.45545356205605253,0.405314831205488,0.36959051039401464,2.0
201410,25.0,0.025,1.0,227.27272727272728,0.0,2.0,9.0,0.0,0.0,0.08333333333333333,0.16666666666666666,0.25,0.3333333333333333,0.4166666666666667,0.5,0.5833333333333334,0.6666666666666666,0.75,0.8333333333333334,0.11543129118376824,0.01890432098765432,0.0007042268188561172,0.0005358367626886145,0.0003429355281207132,0.0001929012345679014,0.00011024506043057679,4.286694101508922e-05,0.0,0.0,0.0,0.0,0.0,0.0,11.0,0.0,0.0,0.0,0.0,0.0,0.0,7.0909090909090935,0.0,0.0,0.0,0.0,0.0,0.0,0.0,0.0,0.0,0.0,0.0,0.0,-56.187817999448015,-43.123376515277435,138.49650306261398,141.33936300848407,-19.642442383355156,7.525180332440261,33.44105649742399,58.961184843719316,80.53285144634461,103.30864700038856,119.61873166738296,131.9234475301519,5.0,0.007272727272727278,50.0,0.4166666666666667,0.7638888888888888,0.45454545454545453,-0.45454545454545453,0.0,0.0,0.0,0.0,25.0,0.0,0.0,0.0,5.0,0.0,8.333333333333334,1.4433756729740645,15.099019513592784,3.015113445777638,-0.1923076923076922,25.0,0.0,-17.500000000000007,0.9207822211616017,1.7499999999999996,0.0,50.0,0.0,2.946762833744287e-16,0.0,16.666666666666668,0.0,1.3819269959814164,5.0,1.9097222222222217,0.2391939205115066,0.24817327474465056,0.3686677882683444,0.5291425136825363,0.6324351023815099,0.6841554466796659,0.7042352782790257,0.7066124209649504,0.6994164968017577,1.3097826226912972,1.298725009339522,1.1909032657056164,1.0780041033834136,1.0207436486481405,0.9947194148884907,0.9758873790315374,0.9562445934372183,0.9346636156723503,2.1944235966385435,1.2877564937108363,1.2747927971189894,1.1324021592003566,0.9392023462093801,0.8012137277476014,0.722078970151221,0.6755803796590802,0.6442845714557834,0.6200101922253117,1.6583167870944273,1.625096675586457,1.2823346501616297,0.8821010471252043,0.6419434375312075,0.521398039134648,0.45640884938030707,0.41510260901596246,0.384412638463268,1.0
201411,0.0,0.0,1.0,0.0,0.0,0.0,0.0,0.0,0.0,0.08333333333333333,0.16666666666666666,0.25,0.3333333333333333,0.4166666666666667,0.5,0.5833333333333334,0.6666666666666666,0.75,0.8333333333333334,0.0,0.0,0.0,0.0,0.0,0.0,0.0,0.0,0.0,0.0,0.0,0.0,0.0,0.0,12.0,0.0,0.0,0.0,0.0,0.0,0.0,0.0,0.0,0.0,0.0,0.0,0.0,0.0,0.0,0.0,0.0,0.0,0.0,0.0,-1e-08,-2.5654632210061364e-08,-1.1888035860690259e-07,-1.2000000000000002e-07,-4.099058125255727e-08,-5.56956514302075e-08,-6.947048992011573e-08,-8.203468073398136e-08,-9.313245317896842e-08,-1.0253788861142992e-07,-1.1005951948899701e-07,-1.1554422709759472e-07,0.0,0.0,0.0,0.0,0.0,0.0,0.0,0.0,0.0,0.0,0.0,0.0,0.0,0.0,0.0,0.0,0.0,0.0,0.0,11.0,0.0,0.0,0.0,0.0,0.0,0.0,0.0,0.0,0.0,0.0,0.0,0.0,0.0,1.0,0.0,0.0,0.0,0.0,0.0,0.0,0.0,0.0,0.0,0.0,0.0,0.0,0.0,0.0,0.0,0.0,0.0,0.0,0.0,0.0,0.0,0.0,0.0,0.0,0.0,0.0,0.0,0.0,0.0,0.0,0.0,0.0,0.0,0.0,0.0,0.0,0.0,0.0,0.0,0.0,0.0
201412,0.0,0.0,1.0,0.0,0.0,0.0,0.0,0.0,0.0,0.08333333333333333,0.16666666666666666,0.25,0.3333333333333333,0.4166666666666667,0.5,0.5833333333333334,0.6666666666666666,0.75,0.8333333333333334,0.0,0.0,0.0,0.0,0.0,0.0,0.0,0.0,0.0,0.0,0.0,0.0,0.0,0.0,12.0,0.0,0.0,0.0,0.0,0.0,0.0,0.0,0.0,0.0,0.0,0.0,0.0,0.0,0.0,0.0,0.0,0.0,0.0,0.0,-1e-08,-2.5654632210061364e-08,-1.1888035860690259e-07,-1.2000000000000002e-07,-4.099058125255727e-08,-5.56956514302075e-08,-6.947048992011573e-08,-8.203468073398136e-08,-9.313245317896842e-08,-1.0253788861142992e-07,-1.1005951948899701e-07,-1.1554422709759472e-07,0.0,0.0,0.0,0.0,0.0,0.0,0.0,0.0,0.0,0.0,0.0,0.0,0.0,0.0,0.0,0.0,0.0,0.0,0.0,11.0,0.0,0.0,0.0,0.0,0.0,0.0,0.0,0.0,0.0,0.0,0.0,0.0,0.0,1.0,0.0,0.0,0.0,0.0,0.0,0.0,0.0,0.0,0.0,0.0,0.0,0.0,0.0,0.0,0.0,0.0,0.0,0.0,0.0,0.0,0.0,0.0,0.0,0.0,0.0,0.0,0.0,0.0,0.0,0.0,0.0,0.0,0.0,0.0,0.0,0.0,0.0,0.0,0.0,0.0,0.0
201501,0.0,0.0,1.0,0.0,0.0,0.0,0.0,0.0,0.0,0.08333333333333333,0.16666666666666666,0.25,0.3333333333333333,0.4166666666666667,0.5,0.5833333333333334,0.6666666666666666,0.75,0.8333333333333334,0.0,0.0,0.0,0.0,0.0,0.0,0.0,0.0,0.0,0.0,0.0,0.0,0.0,0.0,12.0,0.0,0.0,0.0,0.0,0.0,0.0,0.0,0.0,0.0,0.0,0.0,0.0,0.0,0.0,0.0,0.0,0.0,0.0,0.0,-1e-08,-2.5654632210061364e-08,-1.1888035860690259e-07,-1.2000000000000002e-07,-4.099058125255727e-08,-5.56956514302075e-08,-6.947048992011573e-08,-8.203468073398136e-08,-9.313245317896842e-08,-1.0253788861142992e-07,-1.1005951948899701e-07,-1.1554422709759472e-07,0.0,0.0,0.0,0.0,0.0,0.0,0.0,0.0,0.0,0.0,0.0,0.0,0.0,0.0,0.0,0.0,0.0,0.0,0.0,11.0,0.0,0.0,0.0,0.0,0.0,0.0,0.0,0.0,0.0,0.0,0.0,0.0,0.0,1.0,0.0,0.0,0.0,0.0,0.0,0.0,0.0,0.0,0.0,0.0,0.0,0.0,0.0,0.0,0.0,0.0,0.0,0.0,0.0,0.0,0.0,0.0,0.0,0.0,0.0,0.0,0.0,0.0,0.0,0.0,0.0,0.0,0.0,0.0,0.0,0.0,0.0,0.0,0.0,0.0,0.0
201502,0.0,0.0,1.0,0.0,0.0,0.0,0.0,0.0,0.0,0.08333333333333333,0.16666666666666666,0.25,0.3333333333333333,0.4166666666666667,0.5,0.5833333333333334,0.6666666666666666,0.75,0.8333333333333334,0.0,0.0,0.0,0.0,0.0,0.0,0.0,0.0,0.0,0.0,0.0,0.0,0.0,0.0,12.0,0.0,0.0,0.0,0.0,0.0,0.0,0.0,0.0,0.0,0.0,0.0,0.0,0.0,0.0,0.0,0.0,0.0,0.0,0.0,-1e-08,-2.5654632210061364e-08,-1.1888035860690259e-07,-1.2000000000000002e-07,-4.099058125255727e-08,-5.56956514302075e-08,-6.947048992011573e-08,-8.203468073398136e-08,-9.313245317896842e-08,-1.0253788861142992e-07,-1.1005951948899701e-07,-1.1554422709759472e-07,0.0,0.0,0.0,0.0,0.0,0.0,0.0,0.0,0.0,0.0,0.0,0.0,0.0,0.0,0.0,0.0,0.0,0.0,0.0,11.0,0.0,0.0,0.0,0.0,0.0,0.0,0.0,0.0,0.0,0.0,0.0,0.0,0.0,1.0,0.0,0.0,0.0,0.0,0.0,0.0,0.0,0.0,0.0,0.0,0.0,0.0,0.0,0.0,0.0,0.0,0.0,0.0,0.0,0.0,0.0,0.0,0.0,0.0,0.0,0.0,0.0,0.0,0.0,0.0,0.0,0.0,0.0,0.0,0.0,0.0,0.0,0.0,0.0,0.0,0.0
201503,0.0,0.0,1.0,0.0,0.0,0.0,0.0,0.0,0.0,0.08333333333333333,0.16666666666666666,0.25,0.3333333333333333,0.4166666666666667,0.5,0.5833333333333334,0.6666666666666666,0.75,0.8333333333333334,0.0,0.0,0.0,0.0,0.0,0.0,0.0,0.0,0.0,0.0,0.0,0.0,0.0,0.0,12.0,0.0,0.0,0.0,0.0,0.0,0.0,0.0,0.0,0.0,0.0,0.0,0.0,0.0,0.0,0.0,0.0,0.0,0.0,0.0,-1e-08,-2.5654632210061364e-08,-1.1888035860690259e-07,-1.2000000000000002e-07,-4.099058125255727e-08,-5.56956514302075e-08,-6.947048992011573e-08,-8.203468073398136e-08,-9.313245317896842e-08,-1.0253788861142992e-07,-1.1005951948899701e-07,-1.1554422709759472e-07,0.0,0.0,0.0,0.0,0.0,0.0,0.0,0.0,0.0,0.0,0.0,0.0,0.0,0.0,0.0,0.0,0.0,0.0,0.0,11.0,0.0,0.0,0.0,0.0,0.0,0.0,0.0,0.0,0.0,0.0,0.0,0.0,0.0,1.0,0.0,0.0,0.0,0.0,0.0,0.0,0.0,0.0,0.0,0.0,0.0,0.0,0.0,0.0,0.0,0.0,0.0,0.0,0.0,0.0,0.0,0.0,0.0,0.0,0.0,0.0,0.0,0.0,0.0,0.0,0.0,0.0,0.0,0.0,0.0,0.0,0.0,0.0,0.0,0.0,0.0
201504,0.0,0.0,1.0,0.0,0.0,0.0,0.0,0.0,0.0,0.08333333333333333,0.16666666666666666,0.25,0.3333333333333333,0.4166666666666667,0.5,0.5833333333333334,0.6666666666666666,0.75,0.8333333333333334,0.0,0.0,0.0,0.0,0.0,0.0,0.0,0.0,0.0,0.0,0.0,0.0,0.0,0.0,12.0,0.0,0.0,0.0,0.0,0.0,0.0,0.0,0.0,0.0,0.0,0.0,0.0,0.0,0.0,0.0,0.0,0.0,0.0,0.0,-1e-08,-2.5654632210061364e-08,-1.1888035860690259e-07,-1.2000000000000002e-07,-4.099058125255727e-08,-5.56956514302075e-08,-6.947048992011573e-08,-8.203468073398136e-08,-9.313245317896842e-08,-1.0253788861142992e-07,-1.1005951948899701e-07,-1.1554422709759472e-07,0.0,0.0,0.0,0.0,0.0,0.0,0.0,0.0,0.0,0.0,0.0,0.0,0.0,0.0,0.0,0.0,0.0,0.0,0.0,11.0,0.0,0.0,0.0,0.0,0.0,0.0,0.0,0.0,0.0,0.0,0.0,0.0,0.0,1.0,0.0,0.0,0.0,0.0,0.0,0.0,0.0,0.0,0.0,0.0,0.0,0.0,0.0,0.0,0.0,0.0,0.0,0.0,0.0,0.0,0.0,0.0,0.0,0.0,0.0,0.0,0.0,0.0,0.0,0.0,0.0,0.0,0.0,0.0,0.0,0.0,0.0,0.0,0.0,0.0,0.0
201505,0.0,0.0,1.0,0.0,0.0,0.0,0.0,0.0,0.0,0.08333333333333333,0.16666666666666666,0.25,0.3333333333333333,0.4166666666666667,0.5,0.5833333333333334,0.6666666666666666,0.75,0.8333333333333334,0.0,0.0,0.0,0.0,0.0,0.0,0.0,0.0,0.0,0.0,0.0,0.0,0.0,0.0,12.0,0.0,0.0,0.0,0.0,0.0,0.0,0.0,0.0,0.0,0.0,0.0,0.0,0.0,0.0,0.0,0.0,0.0,0.0,0.0,-1e-08,-2.5654632210061364e-08,-1.1888035860690259e-07,-1.2000000000000002e-07,-4.099058125255727e-08,-5.56956514302075e-08,-6.947048992011573e-08,-8.203468073398136e-08,-9.313245317896842e-08,-1.0253788861142992e-07,-1.1005951948899701e-07,-1.1554422709759472e-07,0.0,0.0,0.0,0.0,0.0,0.0,0.0,0.0,0.0,0.0,0.0,0.0,0.0,0.0,0.0,0.0,0.0,0.0,0.0,11.0,0.0,0.0,0.0,0.0,0.0,0.0,0.0,0.0,0.0,0.0,0.0,0.0,0.0,1.0,0.0,0.0,0.0,0.0,0.0,0.0,0.0,0.0,0.0,0.0,0.0,0.0,0.0,0.0,0.0,0.0,0.0,0.0,0.0,0.0,0.0,0.0,0.0,0.0,0.0,0.0,0.0,0.0,0.0,0.0,0.0,0.0,0.0,0.0,0.0,0.0,0.0,0.0,0.0,0.0,0.0
201506,0.0,0.0,1.0,0.0,0.0,0.0,0.0,0.0,0.0,0.08333333333333333,0.16666666666666666,0.25,0.3333333333333333,0.4166666666666667,0.5,0.5833333333333334,0.6666666666666666,0.75,0.8333333333333334,0.0,0.0,0.0,0.0,0.0,0.0,0.0,0.0,0.0,0.0,0.0,0.0,0.0,0.0,12.0,0.0,0.0,0.0,0.0,0.0,0.0,0.0,0.0,0.0,0.0,0.0,0.0,0.0,0.0,0.0,0.0,0.0,0.0,0.0,-1e-08,-2.5654632210061364e-08,-1.1888035860690259e-07,-1.2000000000000002e-07,-4.099058125255727e-08,-5.56956514302075e-08,-6.947048992011573e-08,-8.203468073398136e-08,-9.313245317896842e-08,-1.0253788861142992e-07,-1.1005951948899701e-07,-1.1554422709759472e-07,0.0,0.0,0.0,0.0,0.0,0.0,0.0,0.0,0.0,0.0,0.0,0.0,0.0,0.0,0.0,0.0,0.0,0.0,0.0,11.0,0.0,0.0,0.0,0.0,0.0,0.0,0.0,0.0,0.0,0.0,0.0,0.0,0.0,1.0,0.0,0.0,0.0,0.0,0.0,0.0,0.0,0.0,0.0,0.0,0.0,0.0,0.0,0.0,0.0,0.0,0.0,0.0,0.0,0.0,0.0,0.0,0.0,0.0,0.0,0.0,0.0,0.0,0.0,0.0,0.0,0.0,0.0,0.0,0.0,0.0,0.0,0.0,0.0,0.0,0.0
201507,0.0,0.0,1.0,0.0,0.0,0.0,0.0,0.0,0.0,0.08333333333333333,0.16666666666666666,0.25,0.3333333333333333,0.4166666666666667,0.5,0.5833333333333334,0.6666666666666666,0.75,0.8333333333333334,0.0,0.0,0.0,0.0,0.0,0.0,0.0,0.0,0.0,0.0,0.0,0.0,0.0,0.0,12.0,0.0,0.0,0.0,0.0,0.0,0.0,0.0,0.0,0.0,0.0,0.0,0.0,0.0,0.0,0.0,0.0,0.0,0.0,0.0,-1e-08,-2.5654632210061364e-08,-1.1888035860690259e-07,-1.2000000000000002e-07,-4.099058125255727e-08,-5.56956514302075e-08,-6.947048992011573e-08,-8.203468073398136e-08,-9.313245317896842e-08,-1.0253788861142992e-07,-1.1005951948899701e-07,-1.1554422709759472e-07,0.0,0.0,0.0,0.0,0.0,0.0,0.0,0.0,0.0,0.0,0.0,0.0,0.0,0.0,0.0,0.0,0.0,0.0,0.0,11.0,0.0,0.0,0.0,0.0,0.0,0.0,0.0,0.0,0.0,0.0,0.0,0.0,0.0,1.0,0.0,0.0,0.0,0.0,0.0,0.0,0.0,0.0,0.0,0.0,0.0,0.0,0.0,0.0,0.0,0.0,0.0,0.0,0.0,0.0,0.0,0.0,0.0,0.0,0.0,0.0,0.0,0.0,0.0,0.0,0.0,0.0,0.0,0.0,0.0,0.0,0.0,0.0,0.0,0.0,0.0
201508,0.0,0.0,1.0,0.0,0.0,0.0,0.0,0.0,0.0,0.08333333333333333,0.16666666666666666,0.25,0.3333333333333333,0.4166666666666667,0.5,0.5833333333333334,0.6666666666666666,0.75,0.8333333333333334,0.0,0.0,0.0,0.0,0.0,0.0,0.0,0.0,0.0,0.0,0.0,0.0,0.0,0.0,12.0,0.0,0.0,0.0,0.0,0.0,0.0,0.0,0.0,0.0,0.0,0.0,0.0,0.0,0.0,0.0,0.0,0.0,0.0,0.0,-1e-08,-2.5654632210061364e-08,-1.1888035860690259e-07,-1.2000000000000002e-07,-4.099058125255727e-08,-5.56956514302075e-08,-6.947048992011573e-08,-8.203468073398136e-08,-9.313245317896842e-08,-1.0253788861142992e-07,-1.1005951948899701e-07,-1.1554422709759472e-07,0.0,0.0,0.0,0.0,0.0,0.0,0.0,0.0,0.0,0.0,0.0,0.0,0.0,0.0,0.0,0.0,0.0,0.0,0.0,11.0,0.0,0.0,0.0,0.0,0.0,0.0,0.0,0.0,0.0,0.0,0.0,0.0,0.0,1.0,0.0,0.0,0.0,0.0,0.0,0.0,0.0,0.0,0.0,0.0,0.0,0.0,0.0,0.0,0.0,0.0,0.0,0.0,0.0,0.0,0.0,0.0,0.0,0.0,0.0,0.0,0.0,0.0,0.0,0.0,0.0,0.0,0.0,0.0,0.0,0.0,0.0,0.0,0.0,0.0,0.0
201509,0.0,0.0,1.0,0.0,0.0,0.0,0.0,0.0,0.0,0.08333333333333333,0.16666666666666666,0.25,0.3333333333333333,0.4166666666666667,0.5,0.5833333333333334,0.6666666666666666,0.75,0.8333333333333334,0.0,0.0,0.0,0.0,0.0,0.0,0.0,0.0,0.0,0.0,0.0,0.0,0.0,0.0,12.0,0.0,0.0,0.0,0.0,0.0,0.0,0.0,0.0,0.0,0.0,0.0,0.0,0.0,0.0,0.0,0.0,0.0,0.0,0.0,-1e-08,-2.5654632210061364e-08,-1.1888035860690259e-07,-1.2000000000000002e-07,-4.099058125255727e-08,-5.56956514302075e-08,-6.947048992011573e-08,-8.203468073398136e-08,-9.313245317896842e-08,-1.0253788861142992e-07,-1.1005951948899701e-07,-1.1554422709759472e-07,0.0,0.0,0.0,0.0,0.0,0.0,0.0,0.0,0.0,0.0,0.0,0.0,0.0,0.0,0.0,0.0,0.0,0.0,0.0,11.0,0.0,0.0,0.0,0.0,0.0,0.0,0.0,0.0,0.0,0.0,0.0,0.0,0.0,1.0,0.0,0.0,0.0,0.0,0.0,0.0,0.0,0.0,0.0,0.0,0.0,0.0,0.0,0.0,0.0,0.0,0.0,0.0,0.0,0.0,0.0,0.0,0.0,0.0,0.0,0.0,0.0,0.0,0.0,0.0,0.0,0.0,0.0,0.0,0.0,0.0,0.0,0.0,0.0,0.0,0.0
201510,0.0,0.0,1.0,0.0,0.0,0.0,0.0,0.0,0.0,0.08333333333333333,0.16666666666666666,0.25,0.3333333333333333,0.4166666666666667,0.5,0.5833333333333334,0.6666666666666666,0.75,0.8333333333333334,0.0,0.0,0.0,0.0,0.0,0.0,0.0,0.0,0.0,0.0,0.0,0.0,0.0,0.0,12.0,0.0,0.0,0.0,0.0,0.0,0.0,0.0,0.0,0.0,0.0,0.0,0.0,0.0,0.0,0.0,0.0,0.0,0.0,0.0,-1e-08,-2.5654632210061364e-08,-1.1888035860690259e-07,-1.2000000000000002e-07,-4.099058125255727e-08,-5.56956514302075e-08,-6.947048992011573e-08,-8.203468073398136e-08,-9.313245317896842e-08,-1.0253788861142992e-07,-1.1005951948899701e-07,-1.1554422709759472e-07,0.0,0.0,0.0,0.0,0.0,0.0,0.0,0.0,0.0,0.0,0.0,0.0,0.0,0.0,0.0,0.0,0.0,0.0,0.0,11.0,0.0,0.0,0.0,0.0,0.0,0.0,0.0,0.0,0.0,0.0,0.0,0.0,0.0,1.0,0.0,0.0,0.0,0.0,0.0,0.0,0.0,0.0,0.0,0.0,0.0,0.0,0.0,0.0,0.0,0.0,0.0,0.0,0.0,0.0,0.0,0.0,0.0,0.0,0.0,0.0,0.0,0.0,0.0,0.0,0.0,0.0,0.0,0.0,0.0,0.0,0.0,0.0,0.0,0.0,0.0
201511,0.0,0.0,1.0,0.0,0.0,0.0,0.0,0.0,0.0,0.08333333333333333,0.16666666666666666,0.25,0.3333333333333333,0.4166666666666667,0.5,0.5833333333333334,0.6666666666666666,0.75,0.8333333333333334,0.0,0.0,0.0,0.0,0.0,0.0,0.0,0.0,0.0,0.0,0.0,0.0,0.0,0.0,12.0,0.0,0.0,0.0,0.0,0.0,0.0,0.0,0.0,0.0,0.0,0.0,0.0,0.0,0.0,0.0,0.0,0.0,0.0,0.0,-1e-08,-2.5654632210061364e-08,-1.1888035860690259e-07,-1.2000000000000002e-07,-4.099058125255727e-08,-5.56956514302075e-08,-6.947048992011573e-08,-8.203468073398136e-08,-9.313245317896842e-08,-1.0253788861142992e-07,-1.1005951948899701e-07,-1.1554422709759472e-07,0.0,0.0,0.0,0.0,0.0,0.0,0.0,0.0,0.0,0.0,0.0,0.0,0.0,0.0,0.0,0.0,0.0,0.0,0.0,11.0,0.0,0.0,0.0,0.0,0.0,0.0,0.0,0.0,0.0,0.0,0.0,0.0,0.0,1.0,0.0,0.0,0.0,0.0,0.0,0.0,0.0,0.0,0.0,0.0,0.0,0.0,0.0,0.0,0.0,0.0,0.0,0.0,0.0,0.0,0.0,0.0,0.0,0.0,0.0,0.0,0.0,0.0,0.0,0.0,0.0,0.0,0.0,0.0,0.0,0.0,0.0,0.0,0.0,0.0,0.0
201512,0.0,0.0,1.0,0.0,0.0,0.0,0.0,0.0,0.0,0.08333333333333333,0.16666666666666666,0.25,0.3333333333333333,0.4166666666666667,0.5,0.5833333333333334,0.6666666666666666,0.75,0.8333333333333334,0.0,0.0,0.0,0.0,0.0,0.0,0.0,0.0,0.0,0.0,0.0,0.0,0.0,0.0,12.0,0.0,0.0,0.0,0.0,0.0,0.0,0.0,0.0,0.0,0.0,0.0,0.0,0.0,0.0,0.0,0.0,0.0,0.0,0.0,-1e-08,-2.5654632210061364e-08,-1.1888035860690259e-07,-1.2000000000000002e-07,-4.099058125255727e-08,-5.56956514302075e-08,-6.947048992011573e-08,-8.203468073398136e-08,-9.313245317896842e-08,-1.0253788861142992e-07,-1.1005951948899701e-07,-1.1554422709759472e-07,0.0,0.0,0.0,0.0,0.0,0.0,0.0,0.0,0.0,0.0,0.0,0.0,0.0,0.0,0.0,0.0,0.0,0.0,0.0,11.0,0.0,0.0,0.0,0.0,0.0,0.0,0.0,0.0,0.0,0.0,0.0,0.0,0.0,1.0,0.0,0.0,0.0,0.0,0.0,0.0,0.0,0.0,0.0,0.0,0.0,0.0,0.0,0.0,0.0,0.0,0.0,0.0,0.0,0.0,0.0,0.0,0.0,0.0,0.0,0.0,0.0,0.0,0.0,0.0,0.0,0.0,0.0,0.0,0.0,0.0,0.0,0.0,0.0,0.0,0.0
201601,0.0,0.0,1.0,0.0,0.0,0.0,0.0,0.0,0.0,0.08333333333333333,0.16666666666666666,0.25,0.3333333333333333,0.4166666666666667,0.5,0.5833333333333334,0.6666666666666666,0.75,0.8333333333333334,0.0,0.0,0.0,0.0,0.0,0.0,0.0,0.0,0.0,0.0,0.0,0.0,0.0,0.0,12.0,0.0,0.0,0.0,0.0,0.0,0.0,0.0,0.0,0.0,0.0,0.0,0.0,0.0,0.0,0.0,0.0,0.0,0.0,0.0,-1e-08,-2.5654632210061364e-08,-1.1888035860690259e-07,-1.2000000000000002e-07,-4.099058125255727e-08,-5.56956514302075e-08,-6.947048992011573e-08,-8.203468073398136e-08,-9.313245317896842e-08,-1.0253788861142992e-07,-1.1005951948899701e-07,-1.1554422709759472e-07,0.0,0.0,0.0,0.0,0.0,0.0,0.0,0.0,0.0,0.0,0.0,0.0,0.0,0.0,0.0,0.0,0.0,0.0,0.0,11.0,0.0,0.0,0.0,0.0,0.0,0.0,0.0,0.0,0.0,0.0,0.0,0.0,0.0,1.0,0.0,0.0,0.0,0.0,0.0,0.0,0.0,0.0,0.0,0.0,0.0,0.0,0.0,0.0,0.0,0.0,0.0,0.0,0.0,0.0,0.0,0.0,0.0,0.0,0.0,0.0,0.0,0.0,0.0,0.0,0.0,0.0,0.0,0.0,0.0,0.0,0.0,0.0,0.0,0.0,0.0
201602,0.0,0.0,1.0,0.0,0.0,0.0,0.0,0.0,0.0,0.08333333333333333,0.16666666666666666,0.25,0.3333333333333333,0.4166666666666667,0.5,0.5833333333333334,0.6666666666666666,0.75,0.8333333333333334,0.0,0.0,0.0,0.0,0.0,0.0,0.0,0.0,0.0,0.0,0.0,0.0,0.0,0.0,12.0,0.0,0.0,0.0,0.0,0.0,0.0,0.0,0.0,0.0,0.0,0.0,0.0,0.0,0.0,0.0,0.0,0.0,0.0,0.0,-1e-08,-2.5654632210061364e-08,-1.1888035860690259e-07,-1.2000000000000002e-07,-4.099058125255727e-08,-5.56956514302075e-08,-6.947048992011573e-08,-8.203468073398136e-08,-9.313245317896842e-08,-1.0253788861142992e-07,-1.1005951948899701e-07,-1.1554422709759472e-07,0.0,0.0,0.0,0.0,0.0,0.0,0.0,0.0,0.0,0.0,0.0,0.0,0.0,0.0,0.0,0.0,0.0,0.0,0.0,11.0,0.0,0.0,0.0,0.0,0.0,0.0,0.0,0.0,0.0,0.0,0.0,0.0,0.0,1.0,0.0,0.0,0.0,0.0,0.0,0.0,0.0,0.0,0.0,0.0,0.0,0.0,0.0,0.0,0.0,0.0,0.0,0.0,0.0,0.0,0.0,0.0,0.0,0.0,0.0,0.0,0.0,0.0,0.0,0.0,0.0,0.0,0.0,0.0,0.0,0.0,0.0,0.0,0.0,0.0,0.0
201603,0.0,0.0,1.0,0.0,0.0,0.0,0.0,0.0,0.0,0.08333333333333333,0.16666666666666666,0.25,0.3333333333333333,0.4166666666666667,0.5,0.5833333333333334,0.6666666666666666,0.75,0.8333333333333334,0.0,0.0,0.0,0.0,0.0,0.0,0.0,0.0,0.0,0.0,0.0,0.0,0.0,0.0,12.0,0.0,0.0,0.0,0.0,0.0,0.0,0.0,0.0,0.0,0.0,0.0,0.0,0.0,0.0,0.0,0.0,0.0,0.0,0.0,-1e-08,-2.5654632210061364e-08,-1.1888035860690259e-07,-1.2000000000000002e-07,-4.099058125255727e-08,-5.56956514302075e-08,-6.947048992011573e-08,-8.203468073398136e-08,-9.313245317896842e-08,-1.0253788861142992e-07,-1.1005951948899701e-07,-1.1554422709759472e-07,0.0,0.0,0.0,0.0,0.0,0.0,0.0,0.0,0.0,0.0,0.0,0.0,0.0,0.0,0.0,0.0,0.0,0.0,0.0,11.0,0.0,0.0,0.0,0.0,0.0,0.0,0.0,0.0,0.0,0.0,0.0,0.0,0.0,1.0,0.0,0.0,0.0,0.0,0.0,0.0,0.0,0.0,0.0,0.0,0.0,0.0,0.0,0.0,0.0,0.0,0.0,0.0,0.0,0.0,0.0,0.0,0.0,0.0,0.0,0.0,0.0,0.0,0.0,0.0,0.0,0.0,0.0,0.0,0.0,0.0,0.0,0.0,0.0,0.0,0.0
201604,0.0,0.0,1.0,0.0,0.0,0.0,0.0,0.0,0.0,0.08333333333333333,0.16666666666666666,0.25,0.3333333333333333,0.4166666666666667,0.5,0.5833333333333334,0.6666666666666666,0.75,0.8333333333333334,0.0,0.0,0.0,0.0,0.0,0.0,0.0,0.0,0.0,0.0,0.0,0.0,0.0,0.0,12.0,0.0,0.0,0.0,0.0,0.0,0.0,0.0,0.0,0.0,0.0,0.0,0.0,0.0,0.0,0.0,0.0,0.0,0.0,0.0,-1e-08,-2.5654632210061364e-08,-1.1888035860690259e-07,-1.2000000000000002e-07,-4.099058125255727e-08,-5.56956514302075e-08,-6.947048992011573e-08,-8.203468073398136e-08,-9.313245317896842e-08,-1.0253788861142992e-07,-1.1005951948899701e-07,-1.1554422709759472e-07,0.0,0.0,0.0,0.0,0.0,0.0,0.0,0.0,0.0,0.0,0.0,0.0,0.0,0.0,0.0,0.0,0.0,0.0,0.0,11.0,0.0,0.0,0.0,0.0,0.0,0.0,0.0,0.0,0.0,0.0,0.0,0.0,0.0,1.0,0.0,0.0,0.0,0.0,0.0,0.0,0.0,0.0,0.0,0.0,0.0,0.0,0.0,0.0,0.0,0.0,0.0,0.0,0.0,0.0,0.0,0.0,0.0,0.0,0.0,0.0,0.0,0.0,0.0,0.0,0.0,0.0,0.0,0.0,0.0,0.0,0.0,0.0,0.0,0.0,0.0
201605,0.0,0.0,1.0,0.0,0.0,0.0,0.0,0.0,0.0,0.08333333333333333,0.16666666666666666,0.25,0.3333333333333333,0.4166666666666667,0.5,0.5833333333333334,0.6666666666666666,0.75,0.8333333333333334,0.0,0.0,0.0,0.0,0.0,0.0,0.0,0.0,0.0,0.0,0.0,0.0,0.0,0.0,12.0,0.0,0.0,0.0,0.0,0.0,0.0,0.0,0.0,0.0,0.0,0.0,0.0,0.0,0.0,0.0,0.0,0.0,0.0,0.0,-1e-08,-2.5654632210061364e-08,-1.1888035860690259e-07,-1.2000000000000002e-07,-4.099058125255727e-08,-5.56956514302075e-08,-6.947048992011573e-08,-8.203468073398136e-08,-9.313245317896842e-08,-1.0253788861142992e-07,-1.1005951948899701e-07,-1.1554422709759472e-07,0.0,0.0,0.0,0.0,0.0,0.0,0.0,0.0,0.0,0.0,0.0,0.0,0.0,0.0,0.0,0.0,0.0,0.0,0.0,11.0,0.0,0.0,0.0,0.0,0.0,0.0,0.0,0.0,0.0,0.0,0.0,0.0,0.0,1.0,0.0,0.0,0.0,0.0,0.0,0.0,0.0,0.0,0.0,0.0,0.0,0.0,0.0,0.0,0.0,0.0,0.0,0.0,0.0,0.0,0.0,0.0,0.0,0.0,0.0,0.0,0.0,0.0,0.0,0.0,0.0,0.0,0.0,0.0,0.0,0.0,0.0,0.0,0.0,0.0,0.0
201606,0.0,0.0,1.0,0.0,0.0,0.0,0.0,0.0,0.0,0.08333333333333333,0.16666666666666666,0.25,0.3333333333333333,0.4166666666666667,0.5,0.5833333333333334,0.6666666666666666,0.75,0.8333333333333334,0.0,0.0,0.0,0.0,0.0,0.0,0.0,0.0,0.0,0.0,0.0,0.0,0.0,0.0,12.0,0.0,0.0,0.0,0.0,0.0,0.0,0.0,0.0,0.0,0.0,0.0,0.0,0.0,0.0,0.0,0.0,0.0,0.0,0.0,-1e-08,-2.5654632210061364e-08,-1.1888035860690259e-07,-1.2000000000000002e-07,-4.099058125255727e-08,-5.56956514302075e-08,-6.947048992011573e-08,-8.203468073398136e-08,-9.313245317896842e-08,-1.0253788861142992e-07,-1.1005951948899701e-07,-1.1554422709759472e-07,0.0,0.0,0.0,0.0,0.0,0.0,0.0,0.0,0.0,0.0,0.0,0.0,0.0,0.0,0.0,0.0,0.0,0.0,0.0,11.0,0.0,0.0,0.0,0.0,0.0,0.0,0.0,0.0,0.0,0.0,0.0,0.0,0.0,1.0,0.0,0.0,0.0,0.0,0.0,0.0,0.0,0.0,0.0,0.0,0.0,0.0,0.0,0.0,0.0,0.0,0.0,0.0,0.0,0.0,0.0,0.0,0.0,0.0,0.0,0.0,0.0,0.0,0.0,0.0,0.0,0.0,0.0,0.0,0.0,0.0,0.0,0.0,0.0,0.0,0.0
201607,0.0,0.0,1.0,0.0,0.0,0.0,0.0,0.0,0.0,0.08333333333333333,0.16666666666666666,0.25,0.3333333333333333,0.4166666666666667,0.5,0.5833333333333334,0.6666666666666666,0.75,0.8333333333333334,0.0,0.0,0.0,0.0,0.0,0.0,0.0,0.0,0.0,0.0,0.0,0.0,0.0,0.0,12.0,0.0,0.0,0.0,0.0,0.0,0.0,0.0,0.0,0.0,0.0,0.0,0.0,0.0,0.0,0.0,0.0,0.0,0.0,0.0,-1e-08,-2.5654632210061364e-08,-1.1888035860690259e-07,-1.2000000000000002e-07,-4.099058125255727e-08,-5.56956514302075e-08,-6.947048992011573e-08,-8.203468073398136e-08,-9.313245317896842e-08,-1.0253788861142992e-07,-1.1005951948899701e-07,-1.1554422709759472e-07,0.0,0.0,0.0,0.0,0.0,0.0,0.0,0.0,0.0,0.0,0.0,0.0,0.0,0.0,0.0,0.0,0.0,0.0,0.0,11.0,0.0,0.0,0.0,0.0,0.0,0.0,0.0,0.0,0.0,0.0,0.0,0.0,0.0,1.0,0.0,0.0,0.0,0.0,0.0,0.0,0.0,0.0,0.0,0.0,0.0,0.0,0.0,0.0,0.0,0.0,0.0,0.0,0.0,0.0,0.0,0.0,0.0,0.0,0.0,0.0,0.0,0.0,0.0,0.0,0.0,0.0,0.0,0.0,0.0,0.0,0.0,0.0,0.0,0.0,0.0
201608,0.0,0.0,1.0,0.0,0.0,0.0,0.0,0.0,0.0,0.08333333333333333,0.16666666666666666,0.25,0.3333333333333333,0.4166666666666667,0.5,0.5833333333333334,0.6666666666666666,0.75,0.8333333333333334,0.0,0.0,0.0,0.0,0.0,0.0,0.0,0.0,0.0,0.0,0.0,0.0,0.0,0.0,12.0,0.0,0.0,0.0,0.0,0.0,0.0,0.0,0.0,0.0,0.0,0.0,0.0,0.0,0.0,0.0,0.0,0.0,0.0,0.0,-1e-08,-2.5654632210061364e-08,-1.1888035860690259e-07,-1.2000000000000002e-07,-4.099058125255727e-08,-5.56956514302075e-08,-6.947048992011573e-08,-8.203468073398136e-08,-9.313245317896842e-08,-1.0253788861142992e-07,-1.1005951948899701e-07,-1.1554422709759472e-07,0.0,0.0,0.0,0.0,0.0,0.0,0.0,0.0,0.0,0.0,0.0,0.0,0.0,0.0,0.0,0.0,0.0,0.0,0.0,11.0,0.0,0.0,0.0,0.0,0.0,0.0,0.0,0.0,0.0,0.0,0.0,0.0,0.0,1.0,0.0,0.0,0.0,0.0,0.0,0.0,0.0,0.0,0.0,0.0,0.0,0.0,0.0,0.0,0.0,0.0,0.0,0.0,0.0,0.0,0.0,0.0,0.0,0.0,0.0,0.0,0.0,0.0,0.0,0.0,0.0,0.0,0.0,0.0,0.0,0.0,0.0,0.0,0.0,0.0,0.0
201609,0.0,0.0,1.0,0.0,0.0,0.0,0.0,0.0,0.0,0.08333333333333333,0.16666666666666666,0.25,0.3333333333333333,0.4166666666666667,0.5,0.5833333333333334,0.6666666666666666,0.75,0.8333333333333334,0.0,0.0,0.0,0.0,0.0,0.0,0.0,0.0,0.0,0.0,0.0,0.0,0.0,0.0,12.0,0.0,0.0,0.0,0.0,0.0,0.0,0.0,0.0,0.0,0.0,0.0,0.0,0.0,0.0,0.0,0.0,0.0,0.0,0.0,-1e-08,-2.5654632210061364e-08,-1.1888035860690259e-07,-1.2000000000000002e-07,-4.099058125255727e-08,-5.56956514302075e-08,-6.947048992011573e-08,-8.203468073398136e-08,-9.313245317896842e-08,-1.0253788861142992e-07,-1.1005951948899701e-07,-1.1554422709759472e-07,0.0,0.0,0.0,0.0,0.0,0.0,0.0,0.0,0.0,0.0,0.0,0.0,0.0,0.0,0.0,0.0,0.0,0.0,0.0,11.0,0.0,0.0,0.0,0.0,0.0,0.0,0.0,0.0,0.0,0.0,0.0,0.0,0.0,1.0,0.0,0.0,0.0,0.0,0.0,0.0,0.0,0.0,0.0,0.0,0.0,0.0,0.0,0.0,0.0,0.0,0.0,0.0,0.0,0.0,0.0,0.0,0.0,0.0,0.0,0.0,0.0,0.0,0.0,0.0,0.0,0.0,0.0,0.0,0.0,0.0,0.0,0.0,0.0,0.0,0.0
201610,0.0,0.0,1.0,0.0,0.0,0.0,0.0,0.0,0.0,0.08333333333333333,0.16666666666666666,0.25,0.3333333333333333,0.4166666666666667,0.5,0.5833333333333334,0.6666666666666666,0.75,0.8333333333333334,0.0,0.0,0.0,0.0,0.0,0.0,0.0,0.0,0.0,0.0,0.0,0.0,0.0,0.0,12.0,0.0,0.0,0.0,0.0,0.0,0.0,0.0,0.0,0.0,0.0,0.0,0.0,0.0,0.0,0.0,0.0,0.0,0.0,0.0,-1e-08,-2.5654632210061364e-08,-1.1888035860690259e-07,-1.2000000000000002e-07,-4.099058125255727e-08,-5.56956514302075e-08,-6.947048992011573e-08,-8.203468073398136e-08,-9.313245317896842e-08,-1.0253788861142992e-07,-1.1005951948899701e-07,-1.1554422709759472e-07,0.0,0.0,0.0,0.0,0.0,0.0,0.0,0.0,0.0,0.0,0.0,0.0,0.0,0.0,0.0,0.0,0.0,0.0,0.0,11.0,0.0,0.0,0.0,0.0,0.0,0.0,0.0,0.0,0.0,0.0,0.0,0.0,0.0,1.0,0.0,0.0,0.0,0.0,0.0,0.0,0.0,0.0,0.0,0.0,0.0,0.0,0.0,0.0,0.0,0.0,0.0,0.0,0.0,0.0,0.0,0.0,0.0,0.0,0.0,0.0,0.0,0.0,0.0,0.0,0.0,0.0,0.0,0.0,0.0,0.0,0.0,0.0,0.0,0.0,0.0
201611,0.0,0.0,1.0,0.0,0.0,0.0,0.0,0.0,0.0,0.08333333333333333,0.16666666666666666,0.25,0.3333333333333333,0.4166666666666667,0.5,0.5833333333333334,0.6666666666666666,0.75,0.8333333333333334,0.0,0.0,0.0,0.0,0.0,0.0,0.0,0.0,0.0,0.0,0.0,0.0,0.0,0.0,12.0,0.0,0.0,0.0,0.0,0.0,0.0,0.0,0.0,0.0,0.0,0.0,0.0,0.0,0.0,0.0,0.0,0.0,0.0,0.0,-1e-08,-2.5654632210061364e-08,-1.1888035860690259e-07,-1.2000000000000002e-07,-4.099058125255727e-08,-5.56956514302075e-08,-6.947048992011573e-08,-8.203468073398136e-08,-9.313245317896842e-08,-1.0253788861142992e-07,-1.1005951948899701e-07,-1.1554422709759472e-07,0.0,0.0,0.0,0.0,0.0,0.0,0.0,0.0,0.0,0.0,0.0,0.0,0.0,0.0,0.0,0.0,0.0,0.0,0.0,11.0,0.0,0.0,0.0,0.0,0.0,0.0,0.0,0.0,0.0,0.0,0.0,0.0,0.0,1.0,0.0,0.0,0.0,0.0,0.0,0.0,0.0,0.0,0.0,0.0,0.0,0.0,0.0,0.0,0.0,0.0,0.0,0.0,0.0,0.0,0.0,0.0,0.0,0.0,0.0,0.0,0.0,0.0,0.0,0.0,0.0,0.0,0.0,0.0,0.0,0.0,0.0,0.0,0.0,0.0,0.0
201612,0.0,0.0,1.0,0.0,0.0,0.0,0.0,0.0,0.0,0.08333333333333333,0.16666666666666666,0.25,0.3333333333333333,0.4166666666666667,0.5,0.5833333333333334,0.6666666666666666,0.75,0.8333333333333334,0.0,0.0,0.0,0.0,0.0,0.0,0.0,0.0,0.0,0.0,0.0,0.0,0.0,0.0,12.0,0.0,0.0,0.0,0.0,0.0,0.0,0.0,0.0,0.0,0.0,0.0,0.0,0.0,0.0,0.0,0.0,0.0,0.0,0.0,-1e-08,-2.5654632210061364e-08,-1.1888035860690259e-07,-1.2000000000000002e-07,-4.099058125255727e-08,-5.56956514302075e-08,-6.947048992011573e-08,-8.203468073398136e-08,-9.313245317896842e-08,-1.0253788861142992e-07,-1.1005951948899701e-07,-1.1554422709759472e-07,0.0,0.0,0.0,0.0,0.0,0.0,0.0,0.0,0.0,0.0,0.0,0.0,0.0,0.0,0.0,0.0,0.0,0.0,0.0,11.0,0.0,0.0,0.0,0.0,0.0,0.0,0.0,0.0,0.0,0.0,0.0,0.0,0.0,1.0,0.0,0.0,0.0,0.0,0.0,0.0,0.0,0.0,0.0,0.0,0.0,0.0,0.0,0.0,0.0,0.0,0.0,0.0,0.0,0.0,0.0,0.0,0.0,0.0,0.0,0.0,0.0,0.0,0.0,0.0,0.0,0.0,0.0,0.0,0.0,0.0,0.0,0.0,0.0,0.0,0.0
201701,0.0,0.0,1.0,0.0,0.0,0.0,0.0,0.0,0.0,0.08333333333333333,0.16666666666666666,0.25,0.3333333333333333,0.4166666666666667,0.5,0.5833333333333334,0.6666666666666666,0.75,0.8333333333333334,0.0,0.0,0.0,0.0,0.0,0.0,0.0,0.0,0.0,0.0,0.0,0.0,0.0,0.0,12.0,0.0,0.0,0.0,0.0,0.0,0.0,0.0,0.0,0.0,0.0,0.0,0.0,0.0,0.0,0.0,0.0,0.0,0.0,0.0,-1e-08,-2.5654632210061364e-08,-1.1888035860690259e-07,-1.2000000000000002e-07,-4.099058125255727e-08,-5.56956514302075e-08,-6.947048992011573e-08,-8.203468073398136e-08,-9.313245317896842e-08,-1.0253788861142992e-07,-1.1005951948899701e-07,-1.1554422709759472e-07,0.0,0.0,0.0,0.0,0.0,0.0,0.0,0.0,0.0,0.0,0.0,0.0,0.0,0.0,0.0,0.0,0.0,0.0,0.0,11.0,0.0,0.0,0.0,0.0,0.0,0.0,0.0,0.0,0.0,0.0,0.0,0.0,0.0,1.0,0.0,0.0,0.0,0.0,0.0,0.0,0.0,0.0,0.0,0.0,0.0,0.0,0.0,0.0,0.0,0.0,0.0,0.0,0.0,0.0,0.0,0.0,0.0,0.0,0.0,0.0,0.0,0.0,0.0,0.0,0.0,0.0,0.0,0.0,0.0,0.0,0.0,0.0,0.0,0.0,0.0
201702,0.0,0.0,1.0,0.0,0.0,0.0,0.0,0.0,0.0,0.08333333333333333,0.16666666666666666,0.25,0.3333333333333333,0.4166666666666667,0.5,0.5833333333333334,0.6666666666666666,0.75,0.8333333333333334,0.0,0.0,0.0,0.0,0.0,0.0,0.0,0.0,0.0,0.0,0.0,0.0,0.0,0.0,12.0,0.0,0.0,0.0,0.0,0.0,0.0,0.0,0.0,0.0,0.0,0.0,0.0,0.0,0.0,0.0,0.0,0.0,0.0,0.0,-1e-08,-2.5654632210061364e-08,-1.1888035860690259e-07,-1.2000000000000002e-07,-4.099058125255727e-08,-5.56956514302075e-08,-6.947048992011573e-08,-8.203468073398136e-08,-9.313245317896842e-08,-1.0253788861142992e-07,-1.1005951948899701e-07,-1.1554422709759472e-07,0.0,0.0,0.0,0.0,0.0,0.0,0.0,0.0,0.0,0.0,0.0,0.0,0.0,0.0,0.0,0.0,0.0,0.0,0.0,11.0,0.0,0.0,0.0,0.0,0.0,0.0,0.0,0.0,0.0,0.0,0.0,0.0,0.0,1.0,0.0,0.0,0.0,0.0,0.0,0.0,0.0,0.0,0.0,0.0,0.0,0.0,0.0,0.0,0.0,0.0,0.0,0.0,0.0,0.0,0.0,0.0,0.0,0.0,0.0,0.0,0.0,0.0,0.0,0.0,0.0,0.0,0.0,0.0,0.0,0.0,0.0,0.0,0.0,0.0,0.0
201703,0.0,0.0,1.0,0.0,0.0,0.0,0.0,0.0,0.0,0.08333333333333333,0.16666666666666666,0.25,0.3333333333333333,0.4166666666666667,0.5,0.5833333333333334,0.6666666666666666,0.75,0.8333333333333334,0.0,0.0,0.0,0.0,0.0,0.0,0.0,0.0,0.0,0.0,0.0,0.0,0.0,0.0,12.0,0.0,0.0,0.0,0.0,0.0,0.0,0.0,0.0,0.0,0.0,0.0,0.0,0.0,0.0,0.0,0.0,0.0,0.0,0.0,-1e-08,-2.5654632210061364e-08,-1.1888035860690259e-07,-1.2000000000000002e-07,-4.099058125255727e-08,-5.56956514302075e-08,-6.947048992011573e-08,-8.203468073398136e-08,-9.313245317896842e-08,-1.0253788861142992e-07,-1.1005951948899701e-07,-1.1554422709759472e-07,0.0,0.0,0.0,0.0,0.0,0.0,0.0,0.0,0.0,0.0,0.0,0.0,0.0,0.0,0.0,0.0,0.0,0.0,0.0,11.0,0.0,0.0,0.0,0.0,0.0,0.0,0.0,0.0,0.0,0.0,0.0,0.0,0.0,1.0,0.0,0.0,0.0,0.0,0.0,0.0,0.0,0.0,0.0,0.0,0.0,0.0,0.0,0.0,0.0,0.0,0.0,0.0,0.0,0.0,0.0,0.0,0.0,0.0,0.0,0.0,0.0,0.0,0.0,0.0,0.0,0.0,0.0,0.0,0.0,0.0,0.0,0.0,0.0,0.0,0.0
201704,0.0,0.0,1.0,0.0,0.0,0.0,0.0,0.0,0.0,0.08333333333333333,0.16666666666666666,0.25,0.3333333333333333,0.4166666666666667,0.5,0.5833333333333334,0.6666666666666666,0.75,0.8333333333333334,0.0,0.0,0.0,0.0,0.0,0.0,0.0,0.0,0.0,0.0,0.0,0.0,0.0,0.0,12.0,0.0,0.0,0.0,0.0,0.0,0.0,0.0,0.0,0.0,0.0,0.0,0.0,0.0,0.0,0.0,0.0,0.0,0.0,0.0,-1e-08,-2.5654632210061364e-08,-1.1888035860690259e-07,-1.2000000000000002e-07,-4.099058125255727e-08,-5.56956514302075e-08,-6.947048992011573e-08,-8.203468073398136e-08,-9.313245317896842e-08,-1.0253788861142992e-07,-1.1005951948899701e-07,-1.1554422709759472e-07,0.0,0.0,0.0,0.0,0.0,0.0,0.0,0.0,0.0,0.0,0.0,0.0,0.0,0.0,0.0,0.0,0.0,0.0,0.0,11.0,0.0,0.0,0.0,0.0,0.0,0.0,0.0,0.0,0.0,0.0,0.0,0.0,0.0,1.0,0.0,0.0,0.0,0.0,0.0,0.0,0.0,0.0,0.0,0.0,0.0,0.0,0.0,0.0,0.0,0.0,0.0,0.0,0.0,0.0,0.0,0.0,0.0,0.0,0.0,0.0,0.0,0.0,0.0,0.0,0.0,0.0,0.0,0.0,0.0,0.0,0.0,0.0,0.0,0.0,0.0
201705,0.0,0.0,1.0,0.0,0.0,0.0,0.0,0.0,0.0,0.08333333333333333,0.16666666666666666,0.25,0.3333333333333333,0.4166666666666667,0.5,0.5833333333333334,0.6666666666666666,0.75,0.8333333333333334,0.0,0.0,0.0,0.0,0.0,0.0,0.0,0.0,0.0,0.0,0.0,0.0,0.0,0.0,12.0,0.0,0.0,0.0,0.0,0.0,0.0,0.0,0.0,0.0,0.0,0.0,0.0,0.0,0.0,0.0,0.0,0.0,0.0,0.0,-1e-08,-2.5654632210061364e-08,-1.1888035860690259e-07,-1.2000000000000002e-07,-4.099058125255727e-08,-5.56956514302075e-08,-6.947048992011573e-08,-8.203468073398136e-08,-9.313245317896842e-08,-1.0253788861142992e-07,-1.1005951948899701e-07,-1.1554422709759472e-07,0.0,0.0,0.0,0.0,0.0,0.0,0.0,0.0,0.0,0.0,0.0,0.0,0.0,0.0,0.0,0.0,0.0,0.0,0.0,11.0,0.0,0.0,0.0,0.0,0.0,0.0,0.0,0.0,0.0,0.0,0.0,0.0,0.0,1.0,0.0,0.0,0.0,0.0,0.0,0.0,0.0,0.0,0.0,0.0,0.0,0.0,0.0,0.0,0.0,0.0,0.0,0.0,0.0,0.0,0.0,0.0,0.0,0.0,0.0,0.0,0.0,0.0,0.0,0.0,0.0,0.0,0.0,0.0,0.0,0.0,0.0,0.0,0.0,0.0,0.0
201706,0.0,0.0,1.0,0.0,0.0,0.0,0.0,0.0,0.0,0.08333333333333333,0.16666666666666666,0.25,0.3333333333333333,0.4166666666666667,0.5,0.5833333333333334,0.6666666666666666,0.75,0.8333333333333334,0.0,0.0,0.0,0.0,0.0,0.0,0.0,0.0,0.0,0.0,0.0,0.0,0.0,0.0,12.0,0.0,0.0,0.0,0.0,0.0,0.0,0.0,0.0,0.0,0.0,0.0,0.0,0.0,0.0,0.0,0.0,0.0,0.0,0.0,-1e-08,-2.5654632210061364e-08,-1.1888035860690259e-07,-1.2000000000000002e-07,-4.099058125255727e-08,-5.56956514302075e-08,-6.947048992011573e-08,-8.203468073398136e-08,-9.313245317896842e-08,-1.0253788861142992e-07,-1.1005951948899701e-07,-1.1554422709759472e-07,0.0,0.0,0.0,0.0,0.0,0.0,0.0,0.0,0.0,0.0,0.0,0.0,0.0,0.0,0.0,0.0,0.0,0.0,0.0,11.0,0.0,0.0,0.0,0.0,0.0,0.0,0.0,0.0,0.0,0.0,0.0,0.0,0.0,1.0,0.0,0.0,0.0,0.0,0.0,0.0,0.0,0.0,0.0,0.0,0.0,0.0,0.0,0.0,0.0,0.0,0.0,0.0,0.0,0.0,0.0,0.0,0.0,0.0,0.0,0.0,0.0,0.0,0.0,0.0,0.0,0.0,0.0,0.0,0.0,0.0,0.0,0.0,0.0,0.0,0.0
201707,0.0,0.0,1.0,0.0,0.0,0.0,0.0,0.0,0.0,0.08333333333333333,0.16666666666666666,0.25,0.3333333333333333,0.4166666666666667,0.5,0.5833333333333334,0.6666666666666666,0.75,0.8333333333333334,0.0,0.0,0.0,0.0,0.0,0.0,0.0,0.0,0.0,0.0,0.0,0.0,0.0,0.0,12.0,0.0,0.0,0.0,0.0,0.0,0.0,0.0,0.0,0.0,0.0,0.0,0.0,0.0,0.0,0.0,0.0,0.0,0.0,0.0,-1e-08,-2.5654632210061364e-08,-1.1888035860690259e-07,-1.2000000000000002e-07,-4.099058125255727e-08,-5.56956514302075e-08,-6.947048992011573e-08,-8.203468073398136e-08,-9.313245317896842e-08,-1.0253788861142992e-07,-1.1005951948899701e-07,-1.1554422709759472e-07,0.0,0.0,0.0,0.0,0.0,0.0,0.0,0.0,0.0,0.0,0.0,0.0,0.0,0.0,0.0,0.0,0.0,0.0,0.0,11.0,0.0,0.0,0.0,0.0,0.0,0.0,0.0,0.0,0.0,0.0,0.0,0.0,0.0,1.0,0.0,0.0,0.0,0.0,0.0,0.0,0.0,0.0,0.0,0.0,0.0,0.0,0.0,0.0,0.0,0.0,0.0,0.0,0.0,0.0,0.0,0.0,0.0,0.0,0.0,0.0,0.0,0.0,0.0,0.0,0.0,0.0,0.0,0.0,0.0,0.0,0.0,0.0,0.0,0.0,0.0
201708,0.0,0.0,1.0,0.0,0.0,0.0,0.0,0.0,0.0,0.08333333333333333,0.16666666666666666,0.25,0.3333333333333333,0.4166666666666667,0.5,0.5833333333333334,0.6666666666666666,0.75,0.8333333333333334,0.0,0.0,0.0,0.0,0.0,0.0,0.0,0.0,0.0,0.0,0.0,0.0,0.0,0.0,12.0,0.0,0.0,0.0,0.0,0.0,0.0,0.0,0.0,0.0,0.0,0.0,0.0,0.0,0.0,0.0,0.0,0.0,0.0,0.0,-1e-08,-2.5654632210061364e-08,-1.1888035860690259e-07,-1.2000000000000002e-07,-4.099058125255727e-08,-5.56956514302075e-08,-6.947048992011573e-08,-8.203468073398136e-08,-9.313245317896842e-08,-1.0253788861142992e-07,-1.1005951948899701e-07,-1.1554422709759472e-07,0.0,0.0,0.0,0.0,0.0,0.0,0.0,0.0,0.0,0.0,0.0,0.0,0.0,0.0,0.0,0.0,0.0,0.0,0.0,11.0,0.0,0.0,0.0,0.0,0.0,0.0,0.0,0.0,0.0,0.0,0.0,0.0,0.0,1.0,0.0,0.0,0.0,0.0,0.0,0.0,0.0,0.0,0.0,0.0,0.0,0.0,0.0,0.0,0.0,0.0,0.0,0.0,0.0,0.0,0.0,0.0,0.0,0.0,0.0,0.0,0.0,0.0,0.0,0.0,0.0,0.0,0.0,0.0,0.0,0.0,0.0,0.0,0.0,0.0,0.0
201709,0.0,0.0,1.0,0.0,0.0,0.0,0.0,0.0,0.0,0.08333333333333333,0.16666666666666666,0.25,0.3333333333333333,0.4166666666666667,0.5,0.5833333333333334,0.6666666666666666,0.75,0.8333333333333334,0.0,0.0,0.0,0.0,0.0,0.0,0.0,0.0,0.0,0.0,0.0,0.0,0.0,0.0,12.0,0.0,0.0,0.0,0.0,0.0,0.0,0.0,0.0,0.0,0.0,0.0,0.0,0.0,0.0,0.0,0.0,0.0,0.0,0.0,-1e-08,-2.5654632210061364e-08,-1.1888035860690259e-07,-1.2000000000000002e-07,-4.099058125255727e-08,-5.56956514302075e-08,-6.947048992011573e-08,-8.203468073398136e-08,-9.313245317896842e-08,-1.0253788861142992e-07,-1.1005951948899701e-07,-1.1554422709759472e-07,0.0,0.0,0.0,0.0,0.0,0.0,0.0,0.0,0.0,0.0,0.0,0.0,0.0,0.0,0.0,0.0,0.0,0.0,0.0,11.0,0.0,0.0,0.0,0.0,0.0,0.0,0.0,0.0,0.0,0.0,0.0,0.0,0.0,1.0,0.0,0.0,0.0,0.0,0.0,0.0,0.0,0.0,0.0,0.0,0.0,0.0,0.0,0.0,0.0,0.0,0.0,0.0,0.0,0.0,0.0,0.0,0.0,0.0,0.0,0.0,0.0,0.0,0.0,0.0,0.0,0.0,0.0,0.0,0.0,0.0,0.0,0.0,0.0,0.0,0.0
201710,0.0,0.0,1.0,0.0,0.0,0.0,0.0,0.0,0.0,0.08333333333333333,0.16666666666666666,0.25,0.3333333333333333,0.4166666666666667,0.5,0.5833333333333334,0.6666666666666666,0.75,0.8333333333333334,0.0,0.0,0.0,0.0,0.0,0.0,0.0,0.0,0.0,0.0,0.0,0.0,0.0,0.0,12.0,0.0,0.0,0.0,0.0,0.0,0.0,0.0,0.0,0.0,0.0,0.0,0.0,0.0,0.0,0.0,0.0,0.0,0.0,0.0,-1e-08,-2.5654632210061364e-08,-1.1888035860690259e-07,-1.2000000000000002e-07,-4.099058125255727e-08,-5.56956514302075e-08,-6.947048992011573e-08,-8.203468073398136e-08,-9.313245317896842e-08,-1.0253788861142992e-07,-1.1005951948899701e-07,-1.1554422709759472e-07,0.0,0.0,0.0,0.0,0.0,0.0,0.0,0.0,0.0,0.0,0.0,0.0,0.0,0.0,0.0,0.0,0.0,0.0,0.0,11.0,0.0,0.0,0.0,0.0,0.0,0.0,0.0,0.0,0.0,0.0,0.0,0.0,0.0,1.0,0.0,0.0,0.0,0.0,0.0,0.0,0.0,0.0,0.0,0.0,0.0,0.0,0.0,0.0,0.0,0.0,0.0,0.0,0.0,0.0,0.0,0.0,0.0,0.0,0.0,0.0,0.0,0.0,0.0,0.0,0.0,0.0,0.0,0.0,0.0,0.0,0.0,0.0,0.0,0.0,0.0
201711,0.0,0.0,1.0,0.0,0.0,0.0,0.0,0.0,0.0,0.08333333333333333,0.16666666666666666,0.25,0.3333333333333333,0.4166666666666667,0.5,0.5833333333333334,0.6666666666666666,0.75,0.8333333333333334,0.0,0.0,0.0,0.0,0.0,0.0,0.0,0.0,0.0,0.0,0.0,0.0,0.0,0.0,12.0,0.0,0.0,0.0,0.0,0.0,0.0,0.0,0.0,0.0,0.0,0.0,0.0,0.0,0.0,0.0,0.0,0.0,0.0,0.0,-1e-08,-2.5654632210061364e-08,-1.1888035860690259e-07,-1.2000000000000002e-07,-4.099058125255727e-08,-5.56956514302075e-08,-6.947048992011573e-08,-8.203468073398136e-08,-9.313245317896842e-08,-1.0253788861142992e-07,-1.1005951948899701e-07,-1.1554422709759472e-07,0.0,0.0,0.0,0.0,0.0,0.0,0.0,0.0,0.0,0.0,0.0,0.0,0.0,0.0,0.0,0.0,0.0,0.0,0.0,11.0,0.0,0.0,0.0,0.0,0.0,0.0,0.0,0.0,0.0,0.0,0.0,0.0,0.0,1.0,0.0,0.0,0.0,0.0,0.0,0.0,0.0,0.0,0.0,0.0,0.0,0.0,0.0,0.0,0.0,0.0,0.0,0.0,0.0,0.0,0.0,0.0,0.0,0.0,0.0,0.0,0.0,0.0,0.0,0.0,0.0,0.0,0.0,0.0,0.0,0.0,0.0,0.0,0.0,0.0,0.0
201712,0.0,0.0,1.0,0.0,0.0,0.0,0.0,0.0,0.0,0.08333333333333333,0.16666666666666666,0.25,0.3333333333333333,0.4166666666666667,0.5,0.5833333333333334,0.6666666666666666,0.75,0.8333333333333334,0.0,0.0,0.0,0.0,0.0,0.0,0.0,0.0,0.0,0.0,0.0,0.0,0.0,0.0,12.0,0.0,0.0,0.0,0.0,0.0,0.0,0.0,0.0,0.0,0.0,0.0,0.0,0.0,0.0,0.0,0.0,0.0,0.0,0.0,-1e-08,-2.5654632210061364e-08,-1.1888035860690259e-07,-1.2000000000000002e-07,-4.099058125255727e-08,-5.56956514302075e-08,-6.947048992011573e-08,-8.203468073398136e-08,-9.313245317896842e-08,-1.0253788861142992e-07,-1.1005951948899701e-07,-1.1554422709759472e-07,0.0,0.0,0.0,0.0,0.0,0.0,0.0,0.0,0.0,0.0,0.0,0.0,0.0,0.0,0.0,0.0,0.0,0.0,0.0,11.0,0.0,0.0,0.0,0.0,0.0,0.0,0.0,0.0,0.0,0.0,0.0,0.0,0.0,1.0,0.0,0.0,0.0,0.0,0.0,0.0,0.0,0.0,0.0,0.0,0.0,0.0,0.0,0.0,0.0,0.0,0.0,0.0,0.0,0.0,0.0,0.0,0.0,0.0,0.0,0.0,0.0,0.0,0.0,0.0,0.0,0.0,0.0,0.0,0.0,0.0,0.0,0.0,0.0,0.0,0.0
201801,0.0,0.0,1.0,0.0,0.0,0.0,0.0,0.0,0.0,0.08333333333333333,0.16666666666666666,0.25,0.3333333333333333,0.4166666666666667,0.5,0.5833333333333334,0.6666666666666666,0.75,0.8333333333333334,0.0,0.0,0.0,0.0,0.0,0.0,0.0,0.0,0.0,0.0,0.0,0.0,0.0,0.0,12.0,0.0,0.0,0.0,0.0,0.0,0.0,0.0,0.0,0.0,0.0,0.0,0.0,0.0,0.0,0.0,0.0,0.0,0.0,0.0,-1e-08,-2.5654632210061364e-08,-1.1888035860690259e-07,-1.2000000000000002e-07,-4.099058125255727e-08,-5.56956514302075e-08,-6.947048992011573e-08,-8.203468073398136e-08,-9.313245317896842e-08,-1.0253788861142992e-07,-1.1005951948899701e-07,-1.1554422709759472e-07,0.0,0.0,0.0,0.0,0.0,0.0,0.0,0.0,0.0,0.0,0.0,0.0,0.0,0.0,0.0,0.0,0.0,0.0,0.0,11.0,0.0,0.0,0.0,0.0,0.0,0.0,0.0,0.0,0.0,0.0,0.0,0.0,0.0,1.0,0.0,0.0,0.0,0.0,0.0,0.0,0.0,0.0,0.0,0.0,0.0,0.0,0.0,0.0,0.0,0.0,0.0,0.0,0.0,0.0,0.0,0.0,0.0,0.0,0.0,0.0,0.0,0.0,0.0,0.0,0.0,0.0,0.0,0.0,0.0,0.0,0.0,0.0,0.0,0.0,0.0
201802,0.0,0.0,1.0,0.0,0.0,0.0,0.0,0.0,0.0,0.08333333333333333,0.16666666666666666,0.25,0.3333333333333333,0.4166666666666667,0.5,0.5833333333333334,0.6666666666666666,0.75,0.8333333333333334,0.0,0.0,0.0,0.0,0.0,0.0,0.0,0.0,0.0,0.0,0.0,0.0,0.0,0.0,12.0,0.0,0.0,0.0,0.0,0.0,0.0,0.0,0.0,0.0,0.0,0.0,0.0,0.0,0.0,0.0,0.0,0.0,0.0,0.0,-1e-08,-2.5654632210061364e-08,-1.1888035860690259e-07,-1.2000000000000002e-07,-4.099058125255727e-08,-5.56956514302075e-08,-6.947048992011573e-08,-8.203468073398136e-08,-9.313245317896842e-08,-1.0253788861142992e-07,-1.1005951948899701e-07,-1.1554422709759472e-07,0.0,0.0,0.0,0.0,0.0,0.0,0.0,0.0,0.0,0.0,0.0,0.0,0.0,0.0,0.0,0.0,0.0,0.0,0.0,11.0,0.0,0.0,0.0,0.0,0.0,0.0,0.0,0.0,0.0,0.0,0.0,0.0,0.0,1.0,0.0,0.0,0.0,0.0,0.0,0.0,0.0,0.0,0.0,0.0,0.0,0.0,0.0,0.0,0.0,0.0,0.0,0.0,0.0,0.0,0.0,0.0,0.0,0.0,0.0,0.0,0.0,0.0,0.0,0.0,0.0,0.0,0.0,0.0,0.0,0.0,0.0,0.0,0.0,0.0,0.0
201803,0.0,0.0,1.0,0.0,0.0,0.0,0.0,0.0,0.0,0.08333333333333333,0.16666666666666666,0.25,0.3333333333333333,0.4166666666666667,0.5,0.5833333333333334,0.6666666666666666,0.75,0.8333333333333334,0.0,0.0,0.0,0.0,0.0,0.0,0.0,0.0,0.0,0.0,0.0,0.0,0.0,0.0,12.0,0.0,0.0,0.0,0.0,0.0,0.0,0.0,0.0,0.0,0.0,0.0,0.0,0.0,0.0,0.0,0.0,0.0,0.0,0.0,-1e-08,-2.5654632210061364e-08,-1.1888035860690259e-07,-1.2000000000000002e-07,-4.099058125255727e-08,-5.56956514302075e-08,-6.947048992011573e-08,-8.203468073398136e-08,-9.313245317896842e-08,-1.0253788861142992e-07,-1.1005951948899701e-07,-1.1554422709759472e-07,0.0,0.0,0.0,0.0,0.0,0.0,0.0,0.0,0.0,0.0,0.0,0.0,0.0,0.0,0.0,0.0,0.0,0.0,0.0,11.0,0.0,0.0,0.0,0.0,0.0,0.0,0.0,0.0,0.0,0.0,0.0,0.0,0.0,1.0,0.0,0.0,0.0,0.0,0.0,0.0,0.0,0.0,0.0,0.0,0.0,0.0,0.0,0.0,0.0,0.0,0.0,0.0,0.0,0.0,0.0,0.0,0.0,0.0,0.0,0.0,0.0,0.0,0.0,0.0,0.0,0.0,0.0,0.0,0.0,0.0,0.0,0.0,0.0,0.0,0.0
201804,0.0,0.0,1.0,0.0,0.0,0.0,0.0,0.0,0.0,0.08333333333333333,0.16666666666666666,0.25,0.3333333333333333,0.4166666666666667,0.5,0.5833333333333334,0.6666666666666666,0.75,0.8333333333333334,0.0,0.0,0.0,0.0,0.0,0.0,0.0,0.0,0.0,0.0,0.0,0.0,0.0,0.0,12.0,0.0,0.0,0.0,0.0,0.0,0.0,0.0,0.0,0.0,0.0,0.0,0.0,0.0,0.0,0.0,0.0,0.0,0.0,0.0,-1e-08,-2.5654632210061364e-08,-1.1888035860690259e-07,-1.2000000000000002e-07,-4.099058125255727e-08,-5.56956514302075e-08,-6.947048992011573e-08,-8.203468073398136e-08,-9.313245317896842e-08,-1.0253788861142992e-07,-1.1005951948899701e-07,-1.1554422709759472e-07,0.0,0.0,0.0,0.0,0.0,0.0,0.0,0.0,0.0,0.0,0.0,0.0,0.0,0.0,0.0,0.0,0.0,0.0,0.0,11.0,0.0,0.0,0.0,0.0,0.0,0.0,0.0,0.0,0.0,0.0,0.0,0.0,0.0,1.0,0.0,0.0,0.0,0.0,0.0,0.0,0.0,0.0,0.0,0.0,0.0,0.0,0.0,0.0,0.0,0.0,0.0,0.0,0.0,0.0,0.0,0.0,0.0,0.0,0.0,0.0,0.0,0.0,0.0,0.0,0.0,0.0,0.0,0.0,0.0,0.0,0.0,0.0,0.0,0.0,0.0
201805,0.0,0.0,1.0,0.0,0.0,0.0,0.0,0.0,0.0,0.08333333333333333,0.16666666666666666,0.25,0.3333333333333333,0.4166666666666667,0.5,0.5833333333333334,0.6666666666666666,0.75,0.8333333333333334,0.0,0.0,0.0,0.0,0.0,0.0,0.0,0.0,0.0,0.0,0.0,0.0,0.0,0.0,12.0,0.0,0.0,0.0,0.0,0.0,0.0,0.0,0.0,0.0,0.0,0.0,0.0,0.0,0.0,0.0,0.0,0.0,0.0,0.0,-1e-08,-2.5654632210061364e-08,-1.1888035860690259e-07,-1.2000000000000002e-07,-4.099058125255727e-08,-5.56956514302075e-08,-6.947048992011573e-08,-8.203468073398136e-08,-9.313245317896842e-08,-1.0253788861142992e-07,-1.1005951948899701e-07,-1.1554422709759472e-07,0.0,0.0,0.0,0.0,0.0,0.0,0.0,0.0,0.0,0.0,0.0,0.0,0.0,0.0,0.0,0.0,0.0,0.0,0.0,11.0,0.0,0.0,0.0,0.0,0.0,0.0,0.0,0.0,0.0,0.0,0.0,0.0,0.0,1.0,0.0,0.0,0.0,0.0,0.0,0.0,0.0,0.0,0.0,0.0,0.0,0.0,0.0,0.0,0.0,0.0,0.0,0.0,0.0,0.0,0.0,0.0,0.0,0.0,0.0,0.0,0.0,0.0,0.0,0.0,0.0,0.0,0.0,0.0,0.0,0.0,0.0,0.0,0.0,0.0,0.0
201806,0.0,0.0,1.0,0.0,0.0,0.0,0.0,0.0,0.0,0.08333333333333333,0.16666666666666666,0.25,0.3333333333333333,0.4166666666666667,0.5,0.5833333333333334,0.6666666666666666,0.75,0.8333333333333334,0.0,0.0,0.0,0.0,0.0,0.0,0.0,0.0,0.0,0.0,0.0,0.0,0.0,0.0,12.0,0.0,0.0,0.0,0.0,0.0,0.0,0.0,0.0,0.0,0.0,0.0,0.0,0.0,0.0,0.0,0.0,0.0,0.0,0.0,-1e-08,-2.5654632210061364e-08,-1.1888035860690259e-07,-1.2000000000000002e-07,-4.099058125255727e-08,-5.56956514302075e-08,-6.947048992011573e-08,-8.203468073398136e-08,-9.313245317896842e-08,-1.0253788861142992e-07,-1.1005951948899701e-07,-1.1554422709759472e-07,0.0,0.0,0.0,0.0,0.0,0.0,0.0,0.0,0.0,0.0,0.0,0.0,0.0,0.0,0.0,0.0,0.0,0.0,0.0,11.0,0.0,0.0,0.0,0.0,0.0,0.0,0.0,0.0,0.0,0.0,0.0,0.0,0.0,1.0,0.0,0.0,0.0,0.0,0.0,0.0,0.0,0.0,0.0,0.0,0.0,0.0,0.0,0.0,0.0,0.0,0.0,0.0,0.0,0.0,0.0,0.0,0.0,0.0,0.0,0.0,0.0,0.0,0.0,0.0,0.0,0.0,0.0,0.0,0.0,0.0,0.0,0.0,0.0,0.0,0.0
201807,0.0,0.0,1.0,0.0,0.0,0.0,0.0,0.0,0.0,0.08333333333333333,0.16666666666666666,0.25,0.3333333333333333,0.4166666666666667,0.5,0.5833333333333334,0.6666666666666666,0.75,0.8333333333333334,0.0,0.0,0.0,0.0,0.0,0.0,0.0,0.0,0.0,0.0,0.0,0.0,0.0,0.0,12.0,0.0,0.0,0.0,0.0,0.0,0.0,0.0,0.0,0.0,0.0,0.0,0.0,0.0,0.0,0.0,0.0,0.0,0.0,0.0,-1e-08,-2.5654632210061364e-08,-1.1888035860690259e-07,-1.2000000000000002e-07,-4.099058125255727e-08,-5.56956514302075e-08,-6.947048992011573e-08,-8.203468073398136e-08,-9.313245317896842e-08,-1.0253788861142992e-07,-1.1005951948899701e-07,-1.1554422709759472e-07,0.0,0.0,0.0,0.0,0.0,0.0,0.0,0.0,0.0,0.0,0.0,0.0,0.0,0.0,0.0,0.0,0.0,0.0,0.0,11.0,0.0,0.0,0.0,0.0,0.0,0.0,0.0,0.0,0.0,0.0,0.0,0.0,0.0,1.0,0.0,0.0,0.0,0.0,0.0,0.0,0.0,0.0,0.0,0.0,0.0,0.0,0.0,0.0,0.0,0.0,0.0,0.0,0.0,0.0,0.0,0.0,0.0,0.0,0.0,0.0,0.0,0.0,0.0,0.0,0.0,0.0,0.0,0.0,0.0,0.0,0.0,0.0,0.0,0.0,0.0
201808,0.0,0.0,1.0,0.0,0.0,0.0,0.0,0.0,0.0,0.08333333333333333,0.16666666666666666,0.25,0.3333333333333333,0.4166666666666667,0.5,0.5833333333333334,0.6666666666666666,0.75,0.8333333333333334,0.0,0.0,0.0,0.0,0.0,0.0,0.0,0.0,0.0,0.0,0.0,0.0,0.0,0.0,12.0,0.0,0.0,0.0,0.0,0.0,0.0,0.0,0.0,0.0,0.0,0.0,0.0,0.0,0.0,0.0,0.0,0.0,0.0,0.0,-1e-08,-2.5654632210061364e-08,-1.1888035860690259e-07,-1.2000000000000002e-07,-4.099058125255727e-08,-5.56956514302075e-08,-6.947048992011573e-08,-8.203468073398136e-08,-9.313245317896842e-08,-1.0253788861142992e-07,-1.1005951948899701e-07,-1.1554422709759472e-07,0.0,0.0,0.0,0.0,0.0,0.0,0.0,0.0,0.0,0.0,0.0,0.0,0.0,0.0,0.0,0.0,0.0,0.0,0.0,11.0,0.0,0.0,0.0,0.0,0.0,0.0,0.0,0.0,0.0,0.0,0.0,0.0,0.0,1.0,0.0,0.0,0.0,0.0,0.0,0.0,0.0,0.0,0.0,0.0,0.0,0.0,0.0,0.0,0.0,0.0,0.0,0.0,0.0,0.0,0.0,0.0,0.0,0.0,0.0,0.0,0.0,0.0,0.0,0.0,0.0,0.0,0.0,0.0,0.0,0.0,0.0,0.0,0.0,0.0,0.0
201809,0.0,0.0,1.0,0.0,0.0,0.0,0.0,0.0,0.0,0.08333333333333333,0.16666666666666666,0.25,0.3333333333333333,0.4166666666666667,0.5,0.5833333333333334,0.6666666666666666,0.75,0.8333333333333334,0.0,0.0,0.0,0.0,0.0,0.0,0.0,0.0,0.0,0.0,0.0,0.0,0.0,0.0,12.0,0.0,0.0,0.0,0.0,0.0,0.0,0.0,0.0,0.0,0.0,0.0,0.0,0.0,0.0,0.0,0.0,0.0,0.0,0.0,-1e-08,-2.5654632210061364e-08,-1.1888035860690259e-07,-1.2000000000000002e-07,-4.099058125255727e-08,-5.56956514302075e-08,-6.947048992011573e-08,-8.203468073398136e-08,-9.313245317896842e-08,-1.0253788861142992e-07,-1.1005951948899701e-07,-1.1554422709759472e-07,0.0,0.0,0.0,0.0,0.0,0.0,0.0,0.0,0.0,0.0,0.0,0.0,0.0,0.0,0.0,0.0,0.0,0.0,0.0,11.0,0.0,0.0,0.0,0.0,0.0,0.0,0.0,0.0,0.0,0.0,0.0,0.0,0.0,1.0,0.0,0.0,0.0,0.0,0.0,0.0,0.0,0.0,0.0,0.0,0.0,0.0,0.0,0.0,0.0,0.0,0.0,0.0,0.0,0.0,0.0,0.0,0.0,0.0,0.0,0.0,0.0,0.0,0.0,0.0,0.0,0.0,0.0,0.0,0.0,0.0,0.0,0.0,0.0,0.0,0.0
201810,0.0,0.0,1.0,0.0,0.0,0.0,0.0,0.0,0.0,0.08333333333333333,0.16666666666666666,0.25,0.3333333333333333,0.4166666666666667,0.5,0.5833333333333334,0.6666666666666666,0.75,0.8333333333333334,0.0,0.0,0.0,0.0,0.0,0.0,0.0,0.0,0.0,0.0,0.0,0.0,0.0,0.0,12.0,0.0,0.0,0.0,0.0,0.0,0.0,0.0,0.0,0.0,0.0,0.0,0.0,0.0,0.0,0.0,0.0,0.0,0.0,0.0,-1e-08,-2.5654632210061364e-08,-1.1888035860690259e-07,-1.2000000000000002e-07,-4.099058125255727e-08,-5.56956514302075e-08,-6.947048992011573e-08,-8.203468073398136e-08,-9.313245317896842e-08,-1.0253788861142992e-07,-1.1005951948899701e-07,-1.1554422709759472e-07,0.0,0.0,0.0,0.0,0.0,0.0,0.0,0.0,0.0,0.0,0.0,0.0,0.0,0.0,0.0,0.0,0.0,0.0,0.0,11.0,0.0,0.0,0.0,0.0,0.0,0.0,0.0,0.0,0.0,0.0,0.0,0.0,0.0,1.0,0.0,0.0,0.0,0.0,0.0,0.0,0.0,0.0,0.0,0.0,0.0,0.0,0.0,0.0,0.0,0.0,0.0,0.0,0.0,0.0,0.0,0.0,0.0,0.0,0.0,0.0,0.0,0.0,0.0,0.0,0.0,0.0,0.0,0.0,0.0,0.0,0.0,0.0,0.0,0.0,0.0
201811,0.0,0.0,1.0,0.0,0.0,0.0,0.0,0.0,0.0,0.08333333333333333,0.16666666666666666,0.25,0.3333333333333333,0.4166666666666667,0.5,0.5833333333333334,0.6666666666666666,0.75,0.8333333333333334,0.0,0.0,0.0,0.0,0.0,0.0,0.0,0.0,0.0,0.0,0.0,0.0,0.0,0.0,12.0,0.0,0.0,0.0,0.0,0.0,0.0,0.0,0.0,0.0,0.0,0.0,0.0,0.0,0.0,0.0,0.0,0.0,0.0,0.0,-1e-08,-2.5654632210061364e-08,-1.1888035860690259e-07,-1.2000000000000002e-07,-4.099058125255727e-08,-5.56956514302075e-08,-6.947048992011573e-08,-8.203468073398136e-08,-9.313245317896842e-08,-1.0253788861142992e-07,-1.1005951948899701e-07,-1.1554422709759472e-07,0.0,0.0,0.0,0.0,0.0,0.0,0.0,0.0,0.0,0.0,0.0,0.0,0.0,0.0,0.0,0.0,0.0,0.0,0.0,11.0,0.0,0.0,0.0,0.0,0.0,0.0,0.0,0.0,0.0,0.0,0.0,0.0,0.0,1.0,0.0,0.0,0.0,0.0,0.0,0.0,0.0,0.0,0.0,0.0,0.0,0.0,0.0,0.0,0.0,0.0,0.0,0.0,0.0,0.0,0.0,0.0,0.0,0.0,0.0,0.0,0.0,0.0,0.0,0.0,0.0,0.0,0.0,0.0,0.0,0.0,0.0,0.0,0.0,0.0,0.0
201812,0.0,0.0,1.0,0.0,0.0,0.0,0.0,0.0,0.0,0.08333333333333333,0.16666666666666666,0.25,0.3333333333333333,0.4166666666666667,0.5,0.5833333333333334,0.6666666666666666,0.75,0.8333333333333334,0.0,0.0,0.0,0.0,0.0,0.0,0.0,0.0,0.0,0.0,0.0,0.0,0.0,0.0,12.0,0.0,0.0,0.0,0.0,0.0,0.0,0.0,0.0,0.0,0.0,0.0,0.0,0.0,0.0,0.0,0.0,0.0,0.0,0.0,-1e-08,-2.5654632210061364e-08,-1.1888035860690259e-07,-1.2000000000000002e-07,-4.099058125255727e-08,-5.56956514302075e-08,-6.947048992011573e-08,-8.203468073398136e-08,-9.313245317896842e-08,-1.0253788861142992e-07,-1.1005951948899701e-07,-1.1554422709759472e-07,0.0,0.0,0.0,0.0,0.0,0.0,0.0,0.0,0.0,0.0,0.0,0.0,0.0,0.0,0.0,0.0,0.0,0.0,0.0,11.0,0.0,0.0,0.0,0.0,0.0,0.0,0.0,0.0,0.0,0.0,0.0,0.0,0.0,1.0,0.0,0.0,0.0,0.0,0.0,0.0,0.0,0.0,0.0,0.0,0.0,0.0,0.0,0.0,0.0,0.0,0.0,0.0,0.0,0.0,0.0,0.0,0.0,0.0,0.0,0.0,0.0,0.0,0.0,0.0,0.0,0.0,0.0,0.0,0.0,0.0,0.0,0.0,0.0,0.0,0.0
201901,0.0,0.0,1.0,0.0,0.0,0.0,0.0,0.0,0.0,0.08333333333333333,0.16666666666666666,0.25,0.3333333333333333,0.4166666666666667,0.5,0.5833333333333334,0.6666666666666666,0.75,0.8333333333333334,0.0,0.0,0.0,0.0,0.0,0.0,0.0,0.0,0.0,0.0,0.0,0.0,0.0,0.0,12.0,0.0,0.0,0.0,0.0,0.0,0.0,0.0,0.0,0.0,0.0,0.0,0.0,0.0,0.0,0.0,0.0,0.0,0.0,0.0,-1e-08,-2.5654632210061364e-08,-1.1888035860690259e-07,-1.2000000000000002e-07,-4.099058125255727e-08,-5.56956514302075e-08,-6.947048992011573e-08,-8.203468073398136e-08,-9.313245317896842e-08,-1.0253788861142992e-07,-1.1005951948899701e-07,-1.1554422709759472e-07,0.0,0.0,0.0,0.0,0.0,0.0,0.0,0.0,0.0,0.0,0.0,0.0,0.0,0.0,0.0,0.0,0.0,0.0,0.0,11.0,0.0,0.0,0.0,0.0,0.0,0.0,0.0,0.0,0.0,0.0,0.0,0.0,0.0,1.0,0.0,0.0,0.0,0.0,0.0,0.0,0.0,0.0,0.0,0.0,0.0,0.0,0.0,0.0,0.0,0.0,0.0,0.0,0.0,0.0,0.0,0.0,0.0,0.0,0.0,0.0,0.0,0.0,0.0,0.0,0.0,0.0,0.0,0.0,0.0,0.0,0.0,0.0,0.0,0.0,0.0
201902,0.0,0.0,1.0,0.0,0.0,0.0,0.0,0.0,0.0,0.08333333333333333,0.16666666666666666,0.25,0.3333333333333333,0.4166666666666667,0.5,0.5833333333333334,0.6666666666666666,0.75,0.8333333333333334,0.0,0.0,0.0,0.0,0.0,0.0,0.0,0.0,0.0,0.0,0.0,0.0,0.0,0.0,12.0,0.0,0.0,0.0,0.0,0.0,0.0,0.0,0.0,0.0,0.0,0.0,0.0,0.0,0.0,0.0,0.0,0.0,0.0,0.0,-1e-08,-2.5654632210061364e-08,-1.1888035860690259e-07,-1.2000000000000002e-07,-4.099058125255727e-08,-5.56956514302075e-08,-6.947048992011573e-08,-8.203468073398136e-08,-9.313245317896842e-08,-1.0253788861142992e-07,-1.1005951948899701e-07,-1.1554422709759472e-07,0.0,0.0,0.0,0.0,0.0,0.0,0.0,0.0,0.0,0.0,0.0,0.0,0.0,0.0,0.0,0.0,0.0,0.0,0.0,11.0,0.0,0.0,0.0,0.0,0.0,0.0,0.0,0.0,0.0,0.0,0.0,0.0,0.0,1.0,0.0,0.0,0.0,0.0,0.0,0.0,0.0,0.0,0.0,0.0,0.0,0.0,0.0,0.0,0.0,0.0,0.0,0.0,0.0,0.0,0.0,0.0,0.0,0.0,0.0,0.0,0.0,0.0,0.0,0.0,0.0,0.0,0.0,0.0,0.0,0.0,0.0,0.0,0.0,0.0,0.0
201903,0.0,0.0,1.0,0.0,0.0,0.0,0.0,0.0,0.0,0.08333333333333333,0.16666666666666666,0.25,0.3333333333333333,0.4166666666666667,0.5,0.5833333333333334,0.6666666666666666,0.75,0.8333333333333334,0.0,0.0,0.0,0.0,0.0,0.0,0.0,0.0,0.0,0.0,0.0,0.0,0.0,0.0,12.0,0.0,0.0,0.0,0.0,0.0,0.0,0.0,0.0,0.0,0.0,0.0,0.0,0.0,0.0,0.0,0.0,0.0,0.0,0.0,-1e-08,-2.5654632210061364e-08,-1.1888035860690259e-07,-1.2000000000000002e-07,-4.099058125255727e-08,-5.56956514302075e-08,-6.947048992011573e-08,-8.203468073398136e-08,-9.313245317896842e-08,-1.0253788861142992e-07,-1.1005951948899701e-07,-1.1554422709759472e-07,0.0,0.0,0.0,0.0,0.0,0.0,0.0,0.0,0.0,0.0,0.0,0.0,0.0,0.0,0.0,0.0,0.0,0.0,0.0,11.0,0.0,0.0,0.0,0.0,0.0,0.0,0.0,0.0,0.0,0.0,0.0,0.0,0.0,1.0,0.0,0.0,0.0,0.0,0.0,0.0,0.0,0.0,0.0,0.0,0.0,0.0,0.0,0.0,0.0,0.0,0.0,0.0,0.0,0.0,0.0,0.0,0.0,0.0,0.0,0.0,0.0,0.0,0.0,0.0,0.0,0.0,0.0,0.0,0.0,0.0,0.0,0.0,0.0,0.0,0.0
201904,0.0,0.0,1.0,0.0,0.0,0.0,0.0,0.0,0.0,0.08333333333333333,0.16666666666666666,0.25,0.3333333333333333,0.4166666666666667,0.5,0.5833333333333334,0.6666666666666666,0.75,0.8333333333333334,0.0,0.0,0.0,0.0,0.0,0.0,0.0,0.0,0.0,0.0,0.0,0.0,0.0,0.0,12.0,0.0,0.0,0.0,0.0,0.0,0.0,0.0,0.0,0.0,0.0,0.0,0.0,0.0,0.0,0.0,0.0,0.0,0.0,0.0,-1e-08,-2.5654632210061364e-08,-1.1888035860690259e-07,-1.2000000000000002e-07,-4.099058125255727e-08,-5.56956514302075e-08,-6.947048992011573e-08,-8.203468073398136e-08,-9.313245317896842e-08,-1.0253788861142992e-07,-1.1005951948899701e-07,-1.1554422709759472e-07,0.0,0.0,0.0,0.0,0.0,0.0,0.0,0.0,0.0,0.0,0.0,0.0,0.0,0.0,0.0,0.0,0.0,0.0,0.0,11.0,0.0,0.0,0.0,0.0,0.0,0.0,0.0,0.0,0.0,0.0,0.0,0.0,0.0,1.0,0.0,0.0,0.0,0.0,0.0,0.0,0.0,0.0,0.0,0.0,0.0,0.0,0.0,0.0,0.0,0.0,0.0,0.0,0.0,0.0,0.0,0.0,0.0,0.0,0.0,0.0,0.0,0.0,0.0,0.0,0.0,0.0,0.0,0.0,0.0,0.0,0.0,0.0,0.0,0.0,0.0
201905,0.0,0.0,1.0,0.0,0.0,0.0,0.0,0.0,0.0,0.08333333333333333,0.16666666666666666,0.25,0.3333333333333333,0.4166666666666667,0.5,0.5833333333333334,0.6666666666666666,0.75,0.8333333333333334,0.0,0.0,0.0,0.0,0.0,0.0,0.0,0.0,0.0,0.0,0.0,0.0,0.0,0.0,12.0,0.0,0.0,0.0,0.0,0.0,0.0,0.0,0.0,0.0,0.0,0.0,0.0,0.0,0.0,0.0,0.0,0.0,0.0,0.0,-1e-08,-2.5654632210061364e-08,-1.1888035860690259e-07,-1.2000000000000002e-07,-4.099058125255727e-08,-5.56956514302075e-08,-6.947048992011573e-08,-8.203468073398136e-08,-9.313245317896842e-08,-1.0253788861142992e-07,-1.1005951948899701e-07,-1.1554422709759472e-07,0.0,0.0,0.0,0.0,0.0,0.0,0.0,0.0,0.0,0.0,0.0,0.0,0.0,0.0,0.0,0.0,0.0,0.0,0.0,11.0,0.0,0.0,0.0,0.0,0.0,0.0,0.0,0.0,0.0,0.0,0.0,0.0,0.0,1.0,0.0,0.0,0.0,0.0,0.0,0.0,0.0,0.0,0.0,0.0,0.0,0.0,0.0,0.0,0.0,0.0,0.0,0.0,0.0,0.0,0.0,0.0,0.0,0.0,0.0,0.0,0.0,0.0,0.0,0.0,0.0,0.0,0.0,0.0,0.0,0.0,0.0,0.0,0.0,0.0,0.0
201906,0.0,0.0,1.0,0.0,0.0,0.0,0.0,0.0,0.0,0.08333333333333333,0.16666666666666666,0.25,0.3333333333333333,0.4166666666666667,0.5,0.5833333333333334,0.6666666666666666,0.75,0.8333333333333334,0.0,0.0,0.0,0.0,0.0,0.0,0.0,0.0,0.0,0.0,0.0,0.0,0.0,0.0,12.0,0.0,0.0,0.0,0.0,0.0,0.0,0.0,0.0,0.0,0.0,0.0,0.0,0.0,0.0,0.0,0.0,0.0,0.0,0.0,-1e-08,-2.5654632210061364e-08,-1.1888035860690259e-07,-1.2000000000000002e-07,-4.099058125255727e-08,-5.56956514302075e-08,-6.947048992011573e-08,-8.203468073398136e-08,-9.313245317896842e-08,-1.0253788861142992e-07,-1.1005951948899701e-07,-1.1554422709759472e-07,0.0,0.0,0.0,0.0,0.0,0.0,0.0,0.0,0.0,0.0,0.0,0.0,0.0,0.0,0.0,0.0,0.0,0.0,0.0,11.0,0.0,0.0,0.0,0.0,0.0,0.0,0.0,0.0,0.0,0.0,0.0,0.0,0.0,1.0,0.0,0.0,0.0,0.0,0.0,0.0,0.0,0.0,0.0,0.0,0.0,0.0,0.0,0.0,0.0,0.0,0.0,0.0,0.0,0.0,0.0,0.0,0.0,0.0,0.0,0.0,0.0,0.0,0.0,0.0,0.0,0.0,0.0,0.0,0.0,0.0,0.0,0.0,0.0,0.0,0.0
201907,0.0,0.0,1.0,0.0,0.0,0.0,0.0,0.0,0.0,0.08333333333333333,0.16666666666666666,0.25,0.3333333333333333,0.4166666666666667,0.5,0.5833333333333334,0.6666666666666666,0.75,0.8333333333333334,0.0,0.0,0.0,0.0,0.0,0.0,0.0,0.0,0.0,0.0,0.0,0.0,0.0,0.0,12.0,0.0,0.0,0.0,0.0,0.0,0.0,0.0,0.0,0.0,0.0,0.0,0.0,0.0,0.0,0.0,0.0,0.0,0.0,0.0,-1e-08,-2.5654632210061364e-08,-1.1888035860690259e-07,-1.2000000000000002e-07,-4.099058125255727e-08,-5.56956514302075e-08,-6.947048992011573e-08,-8.203468073398136e-08,-9.313245317896842e-08,-1.0253788861142992e-07,-1.1005951948899701e-07,-1.1554422709759472e-07,0.0,0.0,0.0,0.0,0.0,0.0,0.0,0.0,0.0,0.0,0.0,0.0,0.0,0.0,0.0,0.0,0.0,0.0,0.0,11.0,0.0,0.0,0.0,0.0,0.0,0.0,0.0,0.0,0.0,0.0,0.0,0.0,0.0,1.0,0.0,0.0,0.0,0.0,0.0,0.0,0.0,0.0,0.0,0.0,0.0,0.0,0.0,0.0,0.0,0.0,0.0,0.0,0.0,0.0,0.0,0.0,0.0,0.0,0.0,0.0,0.0,0.0,0.0,0.0,0.0,0.0,0.0,0.0,0.0,0.0,0.0,0.0,0.0,0.0,0.0
201908,0.0,0.0,1.0,0.0,0.0,0.0,0.0,0.0,0.0,0.08333333333333333,0.16666666666666666,0.25,0.3333333333333333,0.4166666666666667,0.5,0.5833333333333334,0.6666666666666666,0.75,0.8333333333333334,0.0,0.0,0.0,0.0,0.0,0.0,0.0,0.0,0.0,0.0,0.0,0.0,0.0,0.0,12.0,0.0,0.0,0.0,0.0,0.0,0.0,0.0,0.0,0.0,0.0,0.0,0.0,0.0,0.0,0.0,0.0,0.0,0.0,0.0,-1e-08,-2.5654632210061364e-08,-1.1888035860690259e-07,-1.2000000000000002e-07,-4.099058125255727e-08,-5.56956514302075e-08,-6.947048992011573e-08,-8.203468073398136e-08,-9.313245317896842e-08,-1.0253788861142992e-07,-1.1005951948899701e-07,-1.1554422709759472e-07,0.0,0.0,0.0,0.0,0.0,0.0,0.0,0.0,0.0,0.0,0.0,0.0,0.0,0.0,0.0,0.0,0.0,0.0,0.0,11.0,0.0,0.0,0.0,0.0,0.0,0.0,0.0,0.0,0.0,0.0,0.0,0.0,0.0,1.0,0.0,0.0,0.0,0.0,0.0,0.0,0.0,0.0,0.0,0.0,0.0,0.0,0.0,0.0,0.0,0.0,0.0,0.0,0.0,0.0,0.0,0.0,0.0,0.0,0.0,0.0,0.0,0.0,0.0,0.0,0.0,0.0,0.0,0.0,0.0,0.0,0.0,0.0,0.0,0.0,0.0
201909,0.0,0.0,1.0,0.0,0.0,0.0,0.0,0.0,0.0,0.08333333333333333,0.16666666666666666,0.25,0.3333333333333333,0.4166666666666667,0.5,0.5833333333333334,0.6666666666666666,0.75,0.8333333333333334,0.0,0.0,0.0,0.0,0.0,0.0,0.0,0.0,0.0,0.0,0.0,0.0,0.0,0.0,12.0,0.0,0.0,0.0,0.0,0.0,0.0,0.0,0.0,0.0,0.0,0.0,0.0,0.0,0.0,0.0,0.0,0.0,0.0,0.0,-1e-08,-2.5654632210061364e-08,-1.1888035860690259e-07,-1.2000000000000002e-07,-4.099058125255727e-08,-5.56956514302075e-08,-6.947048992011573e-08,-8.203468073398136e-08,-9.313245317896842e-08,-1.0253788861142992e-07,-1.1005951948899701e-07,-1.1554422709759472e-07,0.0,0.0,0.0,0.0,0.0,0.0,0.0,0.0,0.0,0.0,0.0,0.0,0.0,0.0,0.0,0.0,0.0,0.0,0.0,11.0,0.0,0.0,0.0,0.0,0.0,0.0,0.0,0.0,0.0,0.0,0.0,0.0,0.0,1.0,0.0,0.0,0.0,0.0,0.0,0.0,0.0,0.0,0.0,0.0,0.0,0.0,0.0,0.0,0.0,0.0,0.0,0.0,0.0,0.0,0.0,0.0,0.0,0.0,0.0,0.0,0.0,0.0,0.0,0.0,0.0,0.0,0.0,0.0,0.0,0.0,0.0,0.0,0.0,0.0,0.0
201910,0.0,0.0,1.0,0.0,0.0,0.0,0.0,0.0,0.0,0.08333333333333333,0.16666666666666666,0.25,0.3333333333333333,0.4166666666666667,0.5,0.5833333333333334,0.6666666666666666,0.75,0.8333333333333334,0.0,0.0,0.0,0.0,0.0,0.0,0.0,0.0,0.0,0.0,0.0,0.0,0.0,0.0,12.0,0.0,0.0,0.0,0.0,0.0,0.0,0.0,0.0,0.0,0.0,0.0,0.0,0.0,0.0,0.0,0.0,0.0,0.0,0.0,-1e-08,-2.5654632210061364e-08,-1.1888035860690259e-07,-1.2000000000000002e-07,-4.099058125255727e-08,-5.56956514302075e-08,-6.947048992011573e-08,-8.203468073398136e-08,-9.313245317896842e-08,-1.0253788861142992e-07,-1.1005951948899701e-07,-1.1554422709759472e-07,0.0,0.0,0.0,0.0,0.0,0.0,0.0,0.0,0.0,0.0,0.0,0.0,0.0,0.0,0.0,0.0,0.0,0.0,0.0,11.0,0.0,0.0,0.0,0.0,0.0,0.0,0.0,0.0,0.0,0.0,0.0,0.0,0.0,1.0,0.0,0.0,0.0,0.0,0.0,0.0,0.0,0.0,0.0,0.0,0.0,0.0,0.0,0.0,0.0,0.0,0.0,0.0,0.0,0.0,0.0,0.0,0.0,0.0,0.0,0.0,0.0,0.0,0.0,0.0,0.0,0.0,0.0,0.0,0.0,0.0,0.0,0.0,0.0,0.0,0.0
201911,0.0,0.0,1.0,0.0,0.0,0.0,0.0,0.0,0.0,0.08333333333333333,0.16666666666666666,0.25,0.3333333333333333,0.4166666666666667,0.5,0.5833333333333334,0.6666666666666666,0.75,0.8333333333333334,0.0,0.0,0.0,0.0,0.0,0.0,0.0,0.0,0.0,0.0,0.0,0.0,0.0,0.0,12.0,0.0,0.0,0.0,0.0,0.0,0.0,0.0,0.0,0.0,0.0,0.0,0.0,0.0,0.0,0.0,0.0,0.0,0.0,0.0,-1e-08,-2.5654632210061364e-08,-1.1888035860690259e-07,-1.2000000000000002e-07,-4.099058125255727e-08,-5.56956514302075e-08,-6.947048992011573e-08,-8.203468073398136e-08,-9.313245317896842e-08,-1.0253788861142992e-07,-1.1005951948899701e-07,-1.1554422709759472e-07,0.0,0.0,0.0,0.0,0.0,0.0,0.0,0.0,0.0,0.0,0.0,0.0,0.0,0.0,0.0,0.0,0.0,0.0,0.0,11.0,0.0,0.0,0.0,0.0,0.0,0.0,0.0,0.0,0.0,0.0,0.0,0.0,0.0,1.0,0.0,0.0,0.0,0.0,0.0,0.0,0.0,0.0,0.0,0.0,0.0,0.0,0.0,0.0,0.0,0.0,0.0,0.0,0.0,0.0,0.0,0.0,0.0,0.0,0.0,0.0,0.0,0.0,0.0,0.0,0.0,0.0,0.0,0.0,0.0,0.0,0.0,0.0,0.0,0.0,0.0
201912,0.0,0.0,1.0,0.0,0.0,0.0,0.0,0.0,0.0,0.08333333333333333,0.16666666666666666,0.25,0.3333333333333333,0.4166666666666667,0.5,0.5833333333333334,0.6666666666666666,0.75,0.8333333333333334,0.0,0.0,0.0,0.0,0.0,0.0,0.0,0.0,0.0,0.0,0.0,0.0,0.0,0.0,12.0,0.0,0.0,0.0,0.0,0.0,0.0,0.0,0.0,0.0,0.0,0.0,0.0,0.0,0.0,0.0,0.0,0.0,0.0,0.0,-1e-08,-2.5654632210061364e-08,-1.1888035860690259e-07,-1.2000000000000002e-07,-4.099058125255727e-08,-5.56956514302075e-08,-6.947048992011573e-08,-8.203468073398136e-08,-9.313245317896842e-08,-1.0253788861142992e-07,-1.1005951948899701e-07,-1.1554422709759472e-07,0.0,0.0,0.0,0.0,0.0,0.0,0.0,0.0,0.0,0.0,0.0,0.0,0.0,0.0,0.0,0.0,0.0,0.0,0.0,11.0,0.0,0.0,0.0,0.0,0.0,0.0,0.0,0.0,0.0,0.0,0.0,0.0,0.0,1.0,0.0,0.0,0.0,0.0,0.0,0.0,0.0,0.0,0.0,0.0,0.0,0.0,0.0,0.0,0.0,0.0,0.0,0.0,0.0,0.0,0.0,0.0,0.0,0.0,0.0,0.0,0.0,0.0,0.0,0.0,0.0,0.0,0.0,0.0,0.0,0.0,0.0,0.0,0.0,0.0,0.0
202001,0.0,0.0,1.0,0.0,0.0,0.0,0.0,0.0,0.0,0.08333333333333333,0.16666666666666666,0.25,0.3333333333333333,0.4166666666666667,0.5,0.5833333333333334,0.6666666666666666,0.75,0.8333333333333334,0.0,0.0,0.0,0.0,0.0,0.0,0.0,0.0,0.0,0.0,0.0,0.0,0.0,0.0,12.0,0.0,0.0,0.0,0.0,0.0,0.0,0.0,0.0,0.0,0.0,0.0,0.0,0.0,0.0,0.0,0.0,0.0,0.0,0.0,-1e-08,-2.5654632210061364e-08,-1.1888035860690259e-07,-1.2000000000000002e-07,-4.099058125255727e-08,-5.56956514302075e-08,-6.947048992011573e-08,-8.203468073398136e-08,-9.313245317896842e-08,-1.0253788861142992e-07,-1.1005951948899701e-07,-1.1554422709759472e-07,0.0,0.0,0.0,0.0,0.0,0.0,0.0,0.0,0.0,0.0,0.0,0.0,0.0,0.0,0.0,0.0,0.0,0.0,0.0,11.0,0.0,0.0,0.0,0.0,0.0,0.0,0.0,0.0,0.0,0.0,0.0,0.0,0.0,1.0,0.0,0.0,0.0,0.0,0.0,0.0,0.0,0.0,0.0,0.0,0.0,0.0,0.0,0.0,0.0,0.0,0.0,0.0,0.0,0.0,0.0,0.0,0.0,0.0,0.0,0.0,0.0,0.0,0.0,0.0,0.0,0.0,0.0,0.0,0.0,0.0,0.0,0.0,0.0,0.0,0.0
202002,0.0,0.0,1.0,0.0,0.0,0.0,0.0,0.0,0.0,0.08333333333333333,0.16666666666666666,0.25,0.3333333333333333,0.4166666666666667,0.5,0.5833333333333334,0.6666666666666666,0.75,0.8333333333333334,0.0,0.0,0.0,0.0,0.0,0.0,0.0,0.0,0.0,0.0,0.0,0.0,0.0,0.0,12.0,0.0,0.0,0.0,0.0,0.0,0.0,0.0,0.0,0.0,0.0,0.0,0.0,0.0,0.0,0.0,0.0,0.0,0.0,0.0,-1e-08,-2.5654632210061364e-08,-1.1888035860690259e-07,-1.2000000000000002e-07,-4.099058125255727e-08,-5.56956514302075e-08,-6.947048992011573e-08,-8.203468073398136e-08,-9.313245317896842e-08,-1.0253788861142992e-07,-1.1005951948899701e-07,-1.1554422709759472e-07,0.0,0.0,0.0,0.0,0.0,0.0,0.0,0.0,0.0,0.0,0.0,0.0,0.0,0.0,0.0,0.0,0.0,0.0,0.0,11.0,0.0,0.0,0.0,0.0,0.0,0.0,0.0,0.0,0.0,0.0,0.0,0.0,0.0,1.0,0.0,0.0,0.0,0.0,0.0,0.0,0.0,0.0,0.0,0.0,0.0,0.0,0.0,0.0,0.0,0.0,0.0,0.0,0.0,0.0,0.0,0.0,0.0,0.0,0.0,0.0,0.0,0.0,0.0,0.0,0.0,0.0,0.0,0.0,0.0,0.0,0.0,0.0,0.0,0.0,0.0
202003,0.0,0.0,1.0,0.0,0.0,0.0,0.0,0.0,0.0,0.08333333333333333,0.16666666666666666,0.25,0.3333333333333333,0.4166666666666667,0.5,0.5833333333333334,0.6666666666666666,0.75,0.8333333333333334,0.0,0.0,0.0,0.0,0.0,0.0,0.0,0.0,0.0,0.0,0.0,0.0,0.0,0.0,12.0,0.0,0.0,0.0,0.0,0.0,0.0,0.0,0.0,0.0,0.0,0.0,0.0,0.0,0.0,0.0,0.0,0.0,0.0,0.0,-1e-08,-2.5654632210061364e-08,-1.1888035860690259e-07,-1.2000000000000002e-07,-4.099058125255727e-08,-5.56956514302075e-08,-6.947048992011573e-08,-8.203468073398136e-08,-9.313245317896842e-08,-1.0253788861142992e-07,-1.1005951948899701e-07,-1.1554422709759472e-07,0.0,0.0,0.0,0.0,0.0,0.0,0.0,0.0,0.0,0.0,0.0,0.0,0.0,0.0,0.0,0.0,0.0,0.0,0.0,11.0,0.0,0.0,0.0,0.0,0.0,0.0,0.0,0.0,0.0,0.0,0.0,0.0,0.0,1.0,0.0,0.0,0.0,0.0,0.0,0.0,0.0,0.0,0.0,0.0,0.0,0.0,0.0,0.0,0.0,0.0,0.0,0.0,0.0,0.0,0.0,0.0,0.0,0.0,0.0,0.0,0.0,0.0,0.0,0.0,0.0,0.0,0.0,0.0,0.0,0.0,0.0,0.0,0.0,0.0,0.0
202004,0.0,0.0,1.0,0.0,0.0,0.0,0.0,0.0,0.0,0.08333333333333333,0.16666666666666666,0.25,0.3333333333333333,0.4166666666666667,0.5,0.5833333333333334,0.6666666666666666,0.75,0.8333333333333334,0.0,0.0,0.0,0.0,0.0,0.0,0.0,0.0,0.0,0.0,0.0,0.0,0.0,0.0,12.0,0.0,0.0,0.0,0.0,0.0,0.0,0.0,0.0,0.0,0.0,0.0,0.0,0.0,0.0,0.0,0.0,0.0,0.0,0.0,-1e-08,-2.5654632210061364e-08,-1.1888035860690259e-07,-1.2000000000000002e-07,-4.099058125255727e-08,-5.56956514302075e-08,-6.947048992011573e-08,-8.203468073398136e-08,-9.313245317896842e-08,-1.0253788861142992e-07,-1.1005951948899701e-07,-1.1554422709759472e-07,0.0,0.0,0.0,0.0,0.0,0.0,0.0,0.0,0.0,0.0,0.0,0.0,0.0,0.0,0.0,0.0,0.0,0.0,0.0,11.0,0.0,0.0,0.0,0.0,0.0,0.0,0.0,0.0,0.0,0.0,0.0,0.0,0.0,1.0,0.0,0.0,0.0,0.0,0.0,0.0,0.0,0.0,0.0,0.0,0.0,0.0,0.0,0.0,0.0,0.0,0.0,0.0,0.0,0.0,0.0,0.0,0.0,0.0,0.0,0.0,0.0,0.0,0.0,0.0,0.0,0.0,0.0,0.0,0.0,0.0,0.0,0.0,0.0,0.0,0.0
202005,0.0,0.0,1.0,0.0,0.0,0.0,0.0,0.0,0.0,0.08333333333333333,0.16666666666666666,0.25,0.3333333333333333,0.4166666666666667,0.5,0.5833333333333334,0.6666666666666666,0.75,0.8333333333333334,0.0,0.0,0.0,0.0,0.0,0.0,0.0,0.0,0.0,0.0,0.0,0.0,0.0,0.0,12.0,0.0,0.0,0.0,0.0,0.0,0.0,0.0,0.0,0.0,0.0,0.0,0.0,0.0,0.0,0.0,0.0,0.0,0.0,0.0,-1e-08,-2.5654632210061364e-08,-1.1888035860690259e-07,-1.2000000000000002e-07,-4.099058125255727e-08,-5.56956514302075e-08,-6.947048992011573e-08,-8.203468073398136e-08,-9.313245317896842e-08,-1.0253788861142992e-07,-1.1005951948899701e-07,-1.1554422709759472e-07,0.0,0.0,0.0,0.0,0.0,0.0,0.0,0.0,0.0,0.0,0.0,0.0,0.0,0.0,0.0,0.0,0.0,0.0,0.0,11.0,0.0,0.0,0.0,0.0,0.0,0.0,0.0,0.0,0.0,0.0,0.0,0.0,0.0,1.0,0.0,0.0,0.0,0.0,0.0,0.0,0.0,0.0,0.0,0.0,0.0,0.0,0.0,0.0,0.0,0.0,0.0,0.0,0.0,0.0,0.0,0.0,0.0,0.0,0.0,0.0,0.0,0.0,0.0,0.0,0.0,0.0,0.0,0.0,0.0,0.0,0.0,0.0,0.0,0.0,0.0
202006,0.0,0.0,1.0,0.0,0.0,0.0,0.0,0.0,0.0,0.08333333333333333,0.16666666666666666,0.25,0.3333333333333333,0.4166666666666667,0.5,0.5833333333333334,0.6666666666666666,0.75,0.8333333333333334,0.0,0.0,0.0,0.0,0.0,0.0,0.0,0.0,0.0,0.0,0.0,0.0,0.0,0.0,12.0,0.0,0.0,0.0,0.0,0.0,0.0,0.0,0.0,0.0,0.0,0.0,0.0,0.0,0.0,0.0,0.0,0.0,0.0,0.0,-1e-08,-2.5654632210061364e-08,-1.1888035860690259e-07,-1.2000000000000002e-07,-4.099058125255727e-08,-5.56956514302075e-08,-6.947048992011573e-08,-8.203468073398136e-08,-9.313245317896842e-08,-1.0253788861142992e-07,-1.1005951948899701e-07,-1.1554422709759472e-07,0.0,0.0,0.0,0.0,0.0,0.0,0.0,0.0,0.0,0.0,0.0,0.0,0.0,0.0,0.0,0.0,0.0,0.0,0.0,11.0,0.0,0.0,0.0,0.0,0.0,0.0,0.0,0.0,0.0,0.0,0.0,0.0,0.0,1.0,0.0,0.0,0.0,0.0,0.0,0.0,0.0,0.0,0.0,0.0,0.0,0.0,0.0,0.0,0.0,0.0,0.0,0.0,0.0,0.0,0.0,0.0,0.0,0.0,0.0,0.0,0.0,0.0,0.0,0.0,0.0,0.0,0.0,0.0,0.0,0.0,0.0,0.0,0.0,0.0,0.0
202007,0.0,0.0,1.0,0.0,0.0,0.0,0.0,0.0,0.0,0.08333333333333333,0.16666666666666666,0.25,0.3333333333333333,0.4166666666666667,0.5,0.5833333333333334,0.6666666666666666,0.75,0.8333333333333334,0.0,0.0,0.0,0.0,0.0,0.0,0.0,0.0,0.0,0.0,0.0,0.0,0.0,0.0,12.0,0.0,0.0,0.0,0.0,0.0,0.0,0.0,0.0,0.0,0.0,0.0,0.0,0.0,0.0,0.0,0.0,0.0,0.0,0.0,-1e-08,-2.5654632210061364e-08,-1.1888035860690259e-07,-1.2000000000000002e-07,-4.099058125255727e-08,-5.56956514302075e-08,-6.947048992011573e-08,-8.203468073398136e-08,-9.313245317896842e-08,-1.0253788861142992e-07,-1.1005951948899701e-07,-1.1554422709759472e-07,0.0,0.0,0.0,0.0,0.0,0.0,0.0,0.0,0.0,0.0,0.0,0.0,0.0,0.0,0.0,0.0,0.0,0.0,0.0,11.0,0.0,0.0,0.0,0.0,0.0,0.0,0.0,0.0,0.0,0.0,0.0,0.0,0.0,1.0,0.0,0.0,0.0,0.0,0.0,0.0,0.0,0.0,0.0,0.0,0.0,0.0,0.0,0.0,0.0,0.0,0.0,0.0,0.0,0.0,0.0,0.0,0.0,0.0,0.0,0.0,0.0,0.0,0.0,0.0,0.0,0.0,0.0,0.0,0.0,0.0,0.0,0.0,0.0,0.0,0.0
202008,0.0,0.0,1.0,0.0,0.0,0.0,0.0,0.0,0.0,0.08333333333333333,0.16666666666666666,0.25,0.3333333333333333,0.4166666666666667,0.5,0.5833333333333334,0.6666666666666666,0.75,0.8333333333333334,0.0,0.0,0.0,0.0,0.0,0.0,0.0,0.0,0.0,0.0,0.0,0.0,0.0,0.0,12.0,0.0,0.0,0.0,0.0,0.0,0.0,0.0,0.0,0.0,0.0,0.0,0.0,0.0,0.0,0.0,0.0,0.0,0.0,0.0,-1e-08,-2.5654632210061364e-08,-1.1888035860690259e-07,-1.2000000000000002e-07,-4.099058125255727e-08,-5.56956514302075e-08,-6.947048992011573e-08,-8.203468073398136e-08,-9.313245317896842e-08,-1.0253788861142992e-07,-1.1005951948899701e-07,-1.1554422709759472e-07,0.0,0.0,0.0,0.0,0.0,0.0,0.0,0.0,0.0,0.0,0.0,0.0,0.0,0.0,0.0,0.0,0.0,0.0,0.0,11.0,0.0,0.0,0.0,0.0,0.0,0.0,0.0,0.0,0.0,0.0,0.0,0.0,0.0,1.0,0.0,0.0,0.0,0.0,0.0,0.0,0.0,0.0,0.0,0.0,0.0,0.0,0.0,0.0,0.0,0.0,0.0,0.0,0.0,0.0,0.0,0.0,0.0,0.0,0.0,0.0,0.0,0.0,0.0,0.0,0.0,0.0,0.0,0.0,0.0,0.0,0.0,0.0,0.0,0.0,0.0
202009,0.0,0.0,1.0,0.0,0.0,0.0,0.0,0.0,0.0,0.08333333333333333,0.16666666666666666,0.25,0.3333333333333333,0.4166666666666667,0.5,0.5833333333333334,0.6666666666666666,0.75,0.8333333333333334,0.0,0.0,0.0,0.0,0.0,0.0,0.0,0.0,0.0,0.0,0.0,0.0,0.0,0.0,12.0,0.0,0.0,0.0,0.0,0.0,0.0,0.0,0.0,0.0,0.0,0.0,0.0,0.0,0.0,0.0,0.0,0.0,0.0,0.0,-1e-08,-2.5654632210061364e-08,-1.1888035860690259e-07,-1.2000000000000002e-07,-4.099058125255727e-08,-5.56956514302075e-08,-6.947048992011573e-08,-8.203468073398136e-08,-9.313245317896842e-08,-1.0253788861142992e-07,-1.1005951948899701e-07,-1.1554422709759472e-07,0.0,0.0,0.0,0.0,0.0,0.0,0.0,0.0,0.0,0.0,0.0,0.0,0.0,0.0,0.0,0.0,0.0,0.0,0.0,11.0,0.0,0.0,0.0,0.0,0.0,0.0,0.0,0.0,0.0,0.0,0.0,0.0,0.0,1.0,0.0,0.0,0.0,0.0,0.0,0.0,0.0,0.0,0.0,0.0,0.0,0.0,0.0,0.0,0.0,0.0,0.0,0.0,0.0,0.0,0.0,0.0,0.0,0.0,0.0,0.0,0.0,0.0,0.0,0.0,0.0,0.0,0.0,0.0,0.0,0.0,0.0,0.0,0.0,0.0,0.0
202010,0.0,0.0,1.0,0.0,0.0,0.0,0.0,0.0,0.0,0.08333333333333333,0.16666666666666666,0.25,0.3333333333333333,0.4166666666666667,0.5,0.5833333333333334,0.6666666666666666,0.75,0.8333333333333334,0.0,0.0,0.0,0.0,0.0,0.0,0.0,0.0,0.0,0.0,0.0,0.0,0.0,0.0,12.0,0.0,0.0,0.0,0.0,0.0,0.0,0.0,0.0,0.0,0.0,0.0,0.0,0.0,0.0,0.0,0.0,0.0,0.0,0.0,-1e-08,-2.5654632210061364e-08,-1.1888035860690259e-07,-1.2000000000000002e-07,-4.099058125255727e-08,-5.56956514302075e-08,-6.947048992011573e-08,-8.203468073398136e-08,-9.313245317896842e-08,-1.0253788861142992e-07,-1.1005951948899701e-07,-1.1554422709759472e-07,0.0,0.0,0.0,0.0,0.0,0.0,0.0,0.0,0.0,0.0,0.0,0.0,0.0,0.0,0.0,0.0,0.0,0.0,0.0,11.0,0.0,0.0,0.0,0.0,0.0,0.0,0.0,0.0,0.0,0.0,0.0,0.0,0.0,1.0,0.0,0.0,0.0,0.0,0.0,0.0,0.0,0.0,0.0,0.0,0.0,0.0,0.0,0.0,0.0,0.0,0.0,0.0,0.0,0.0,0.0,0.0,0.0,0.0,0.0,0.0,0.0,0.0,0.0,0.0,0.0,0.0,0.0,0.0,0.0,0.0,0.0,0.0,0.0,0.0,0.0
202011,0.0,0.0,1.0,0.0,0.0,0.0,0.0,0.0,0.0,0.08333333333333333,0.16666666666666666,0.25,0.3333333333333333,0.4166666666666667,0.5,0.5833333333333334,0.6666666666666666,0.75,0.8333333333333334,0.0,0.0,0.0,0.0,0.0,0.0,0.0,0.0,0.0,0.0,0.0,0.0,0.0,0.0,12.0,0.0,0.0,0.0,0.0,0.0,0.0,0.0,0.0,0.0,0.0,0.0,0.0,0.0,0.0,0.0,0.0,0.0,0.0,0.0,-1e-08,-2.5654632210061364e-08,-1.1888035860690259e-07,-1.2000000000000002e-07,-4.099058125255727e-08,-5.56956514302075e-08,-6.947048992011573e-08,-8.203468073398136e-08,-9.313245317896842e-08,-1.0253788861142992e-07,-1.1005951948899701e-07,-1.1554422709759472e-07,0.0,0.0,0.0,0.0,0.0,0.0,0.0,0.0,0.0,0.0,0.0,0.0,0.0,0.0,0.0,0.0,0.0,0.0,0.0,11.0,0.0,0.0,0.0,0.0,0.0,0.0,0.0,0.0,0.0,0.0,0.0,0.0,0.0,1.0,0.0,0.0,0.0,0.0,0.0,0.0,0.0,0.0,0.0,0.0,0.0,0.0,0.0,0.0,0.0,0.0,0.0,0.0,0.0,0.0,0.0,0.0,0.0,0.0,0.0,0.0,0.0,0.0,0.0,0.0,0.0,0.0,0.0,0.0,0.0,0.0,0.0,0.0,0.0,0.0,0.0
202012,0.0,0.0,1.0,0.0,0.0,0.0,0.0,0.0,0.0,0.08333333333333333,0.16666666666666666,0.25,0.3333333333333333,0.4166666666666667,0.5,0.5833333333333334,0.6666666666666666,0.75,0.8333333333333334,0.0,0.0,0.0,0.0,0.0,0.0,0.0,0.0,0.0,0.0,0.0,0.0,0.0,0.0,12.0,0.0,0.0,0.0,0.0,0.0,0.0,0.0,0.0,0.0,0.0,0.0,0.0,0.0,0.0,0.0,0.0,0.0,0.0,0.0,-1e-08,-2.5654632210061364e-08,-1.1888035860690259e-07,-1.2000000000000002e-07,-4.099058125255727e-08,-5.56956514302075e-08,-6.947048992011573e-08,-8.203468073398136e-08,-9.313245317896842e-08,-1.0253788861142992e-07,-1.1005951948899701e-07,-1.1554422709759472e-07,0.0,0.0,0.0,0.0,0.0,0.0,0.0,0.0,0.0,0.0,0.0,0.0,0.0,0.0,0.0,0.0,0.0,0.0,0.0,11.0,0.0,0.0,0.0,0.0,0.0,0.0,0.0,0.0,0.0,0.0,0.0,0.0,0.0,1.0,0.0,0.0,0.0,0.0,0.0,0.0,0.0,0.0,0.0,0.0,0.0,0.0,0.0,0.0,0.0,0.0,0.0,0.0,0.0,0.0,0.0,0.0,0.0,0.0,0.0,0.0,0.0,0.0,0.0,0.0,0.0,0.0,0.0,0.0,0.0,0.0,0.0,0.0,0.0,0.0,0.0
202101,0.0,0.0,1.0,0.0,0.0,0.0,0.0,0.0,0.0,0.08333333333333333,0.16666666666666666,0.25,0.3333333333333333,0.4166666666666667,0.5,0.5833333333333334,0.6666666666666666,0.75,0.8333333333333334,0.0,0.0,0.0,0.0,0.0,0.0,0.0,0.0,0.0,0.0,0.0,0.0,0.0,0.0,12.0,0.0,0.0,0.0,0.0,0.0,0.0,0.0,0.0,0.0,0.0,0.0,0.0,0.0,0.0,0.0,0.0,0.0,0.0,0.0,-1e-08,-2.5654632210061364e-08,-1.1888035860690259e-07,-1.2000000000000002e-07,-4.099058125255727e-08,-5.56956514302075e-08,-6.947048992011573e-08,-8.203468073398136e-08,-9.313245317896842e-08,-1.0253788861142992e-07,-1.1005951948899701e-07,-1.1554422709759472e-07,0.0,0.0,0.0,0.0,0.0,0.0,0.0,0.0,0.0,0.0,0.0,0.0,0.0,0.0,0.0,0.0,0.0,0.0,0.0,11.0,0.0,0.0,0.0,0.0,0.0,0.0,0.0,0.0,0.0,0.0,0.0,0.0,0.0,1.0,0.0,0.0,0.0,0.0,0.0,0.0,0.0,0.0,0.0,0.0,0.0,0.0,0.0,0.0,0.0,0.0,0.0,0.0,0.0,0.0,0.0,0.0,0.0,0.0,0.0,0.0,0.0,0.0,0.0,0.0,0.0,0.0,0.0,0.0,0.0,0.0,0.0,0.0,0.0,0.0,0.0
202102,0.0,0.0,1.0,0.0,0.0,0.0,0.0,0.0,0.0,0.08333333333333333,0.16666666666666666,0.25,0.3333333333333333,0.4166666666666667,0.5,0.5833333333333334,0.6666666666666666,0.75,0.8333333333333334,0.0,0.0,0.0,0.0,0.0,0.0,0.0,0.0,0.0,0.0,0.0,0.0,0.0,0.0,12.0,0.0,0.0,0.0,0.0,0.0,0.0,0.0,0.0,0.0,0.0,0.0,0.0,0.0,0.0,0.0,0.0,0.0,0.0,0.0,-1e-08,-2.5654632210061364e-08,-1.1888035860690259e-07,-1.2000000000000002e-07,-4.099058125255727e-08,-5.56956514302075e-08,-6.947048992011573e-08,-8.203468073398136e-08,-9.313245317896842e-08,-1.0253788861142992e-07,-1.1005951948899701e-07,-1.1554422709759472e-07,0.0,0.0,0.0,0.0,0.0,0.0,0.0,0.0,0.0,0.0,0.0,0.0,0.0,0.0,0.0,0.0,0.0,0.0,0.0,11.0,0.0,0.0,0.0,0.0,0.0,0.0,0.0,0.0,0.0,0.0,0.0,0.0,0.0,1.0,0.0,0.0,0.0,0.0,0.0,0.0,0.0,0.0,0.0,0.0,0.0,0.0,0.0,0.0,0.0,0.0,0.0,0.0,0.0,0.0,0.0,0.0,0.0,0.0,0.0,0.0,0.0,0.0,0.0,0.0,0.0,0.0,0.0,0.0,0.0,0.0,0.0,0.0,0.0,0.0,0.0
202103,0.0,0.0,1.0,0.0,0.0,0.0,0.0,0.0,0.0,0.08333333333333333,0.16666666666666666,0.25,0.3333333333333333,0.4166666666666667,0.5,0.5833333333333334,0.6666666666666666,0.75,0.8333333333333334,0.0,0.0,0.0,0.0,0.0,0.0,0.0,0.0,0.0,0.0,0.0,0.0,0.0,0.0,12.0,0.0,0.0,0.0,0.0,0.0,0.0,0.0,0.0,0.0,0.0,0.0,0.0,0.0,0.0,0.0,0.0,0.0,0.0,0.0,-1e-08,-2.5654632210061364e-08,-1.1888035860690259e-07,-1.2000000000000002e-07,-4.099058125255727e-08,-5.56956514302075e-08,-6.947048992011573e-08,-8.203468073398136e-08,-9.313245317896842e-08,-1.0253788861142992e-07,-1.1005951948899701e-07,-1.1554422709759472e-07,0.0,0.0,0.0,0.0,0.0,0.0,0.0,0.0,0.0,0.0,0.0,0.0,0.0,0.0,0.0,0.0,0.0,0.0,0.0,11.0,0.0,0.0,0.0,0.0,0.0,0.0,0.0,0.0,0.0,0.0,0.0,0.0,0.0,1.0,0.0,0.0,0.0,0.0,0.0,0.0,0.0,0.0,0.0,0.0,0.0,0.0,0.0,0.0,0.0,0.0,0.0,0.0,0.0,0.0,0.0,0.0,0.0,0.0,0.0,0.0,0.0,0.0,0.0,0.0,0.0,0.0,0.0,0.0,0.0,0.0,0.0,0.0,0.0,0.0,0.0
202104,0.0,0.0,1.0,0.0,0.0,0.0,0.0,0.0,0.0,0.08333333333333333,0.16666666666666666,0.25,0.3333333333333333,0.4166666666666667,0.5,0.5833333333333334,0.6666666666666666,0.75,0.8333333333333334,0.0,0.0,0.0,0.0,0.0,0.0,0.0,0.0,0.0,0.0,0.0,0.0,0.0,0.0,12.0,0.0,0.0,0.0,0.0,0.0,0.0,0.0,0.0,0.0,0.0,0.0,0.0,0.0,0.0,0.0,0.0,0.0,0.0,0.0,-1e-08,-2.5654632210061364e-08,-1.1888035860690259e-07,-1.2000000000000002e-07,-4.099058125255727e-08,-5.56956514302075e-08,-6.947048992011573e-08,-8.203468073398136e-08,-9.313245317896842e-08,-1.0253788861142992e-07,-1.1005951948899701e-07,-1.1554422709759472e-07,0.0,0.0,0.0,0.0,0.0,0.0,0.0,0.0,0.0,0.0,0.0,0.0,0.0,0.0,0.0,0.0,0.0,0.0,0.0,11.0,0.0,0.0,0.0,0.0,0.0,0.0,0.0,0.0,0.0,0.0,0.0,0.0,0.0,1.0,0.0,0.0,0.0,0.0,0.0,0.0,0.0,0.0,0.0,0.0,0.0,0.0,0.0,0.0,0.0,0.0,0.0,0.0,0.0,0.0,0.0,0.0,0.0,0.0,0.0,0.0,0.0,0.0,0.0,0.0,0.0,0.0,0.0,0.0,0.0,0.0,0.0,0.0,0.0,0.0,0.0
202105,0.0,0.0,1.0,0.0,0.0,0.0,0.0,0.0,0.0,0.08333333333333333,0.16666666666666666,0.25,0.3333333333333333,0.4166666666666667,0.5,0.5833333333333334,0.6666666666666666,0.75,0.8333333333333334,0.0,0.0,0.0,0.0,0.0,0.0,0.0,0.0,0.0,0.0,0.0,0.0,0.0,0.0,12.0,0.0,0.0,0.0,0.0,0.0,0.0,0.0,0.0,0.0,0.0,0.0,0.0,0.0,0.0,0.0,0.0,0.0,0.0,0.0,-1e-08,-2.5654632210061364e-08,-1.1888035860690259e-07,-1.2000000000000002e-07,-4.099058125255727e-08,-5.56956514302075e-08,-6.947048992011573e-08,-8.203468073398136e-08,-9.313245317896842e-08,-1.0253788861142992e-07,-1.1005951948899701e-07,-1.1554422709759472e-07,0.0,0.0,0.0,0.0,0.0,0.0,0.0,0.0,0.0,0.0,0.0,0.0,0.0,0.0,0.0,0.0,0.0,0.0,0.0,11.0,0.0,0.0,0.0,0.0,0.0,0.0,0.0,0.0,0.0,0.0,0.0,0.0,0.0,1.0,0.0,0.0,0.0,0.0,0.0,0.0,0.0,0.0,0.0,0.0,0.0,0.0,0.0,0.0,0.0,0.0,0.0,0.0,0.0,0.0,0.0,0.0,0.0,0.0,0.0,0.0,0.0,0.0,0.0,0.0,0.0,0.0,0.0,0.0,0.0,0.0,0.0,0.0,0.0,0.0,0.0
202106,0.0,0.0,1.0,0.0,0.0,0.0,0.0,0.0,0.0,0.08333333333333333,0.16666666666666666,0.25,0.3333333333333333,0.4166666666666667,0.5,0.5833333333333334,0.6666666666666666,0.75,0.8333333333333334,0.0,0.0,0.0,0.0,0.0,0.0,0.0,0.0,0.0,0.0,0.0,0.0,0.0,0.0,12.0,0.0,0.0,0.0,0.0,0.0,0.0,0.0,0.0,0.0,0.0,0.0,0.0,0.0,0.0,0.0,0.0,0.0,0.0,0.0,-1e-08,-2.5654632210061364e-08,-1.1888035860690259e-07,-1.2000000000000002e-07,-4.099058125255727e-08,-5.56956514302075e-08,-6.947048992011573e-08,-8.203468073398136e-08,-9.313245317896842e-08,-1.0253788861142992e-07,-1.1005951948899701e-07,-1.1554422709759472e-07,0.0,0.0,0.0,0.0,0.0,0.0,0.0,0.0,0.0,0.0,0.0,0.0,0.0,0.0,0.0,0.0,0.0,0.0,0.0,11.0,0.0,0.0,0.0,0.0,0.0,0.0,0.0,0.0,0.0,0.0,0.0,0.0,0.0,1.0,0.0,0.0,0.0,0.0,0.0,0.0,0.0,0.0,0.0,0.0,0.0,0.0,0.0,0.0,0.0,0.0,0.0,0.0,0.0,0.0,0.0,0.0,0.0,0.0,0.0,0.0,0.0,0.0,0.0,0.0,0.0,0.0,0.0,0.0,0.0,0.0,0.0,0.0,0.0,0.0,0.0
202107,0.0,0.0,1.0,0.0,0.0,0.0,0.0,0.0,0.0,0.08333333333333333,0.16666666666666666,0.25,0.3333333333333333,0.4166666666666667,0.5,0.5833333333333334,0.6666666666666666,0.75,0.8333333333333334,0.0,0.0,0.0,0.0,0.0,0.0,0.0,0.0,0.0,0.0,0.0,0.0,0.0,0.0,12.0,0.0,0.0,0.0,0.0,0.0,0.0,0.0,0.0,0.0,0.0,0.0,0.0,0.0,0.0,0.0,0.0,0.0,0.0,0.0,-1e-08,-2.5654632210061364e-08,-1.1888035860690259e-07,-1.2000000000000002e-07,-4.099058125255727e-08,-5.56956514302075e-08,-6.947048992011573e-08,-8.203468073398136e-08,-9.313245317896842e-08,-1.0253788861142992e-07,-1.1005951948899701e-07,-1.1554422709759472e-07,0.0,0.0,0.0,0.0,0.0,0.0,0.0,0.0,0.0,0.0,0.0,0.0,0.0,0.0,0.0,0.0,0.0,0.0,0.0,11.0,0.0,0.0,0.0,0.0,0.0,0.0,0.0,0.0,0.0,0.0,0.0,0.0,0.0,1.0,0.0,0.0,0.0,0.0,0.0,0.0,0.0,0.0,0.0,0.0,0.0,0.0,0.0,0.0,0.0,0.0,0.0,0.0,0.0,0.0,0.0,0.0,0.0,0.0,0.0,0.0,0.0,0.0,0.0,0.0,0.0,0.0,0.0,0.0,0.0,0.0,0.0,0.0,0.0,0.0,0.0
202108,0.0,0.0,1.0,0.0,0.0,0.0,0.0,0.0,0.0,0.08333333333333333,0.16666666666666666,0.25,0.3333333333333333,0.4166666666666667,0.5,0.5833333333333334,0.6666666666666666,0.75,0.8333333333333334,0.0,0.0,0.0,0.0,0.0,0.0,0.0,0.0,0.0,0.0,0.0,0.0,0.0,0.0,12.0,0.0,0.0,0.0,0.0,0.0,0.0,0.0,0.0,0.0,0.0,0.0,0.0,0.0,0.0,0.0,0.0,0.0,0.0,0.0,-1e-08,-2.5654632210061364e-08,-1.1888035860690259e-07,-1.2000000000000002e-07,-4.099058125255727e-08,-5.56956514302075e-08,-6.947048992011573e-08,-8.203468073398136e-08,-9.313245317896842e-08,-1.0253788861142992e-07,-1.1005951948899701e-07,-1.1554422709759472e-07,0.0,0.0,0.0,0.0,0.0,0.0,0.0,0.0,0.0,0.0,0.0,0.0,0.0,0.0,0.0,0.0,0.0,0.0,0.0,11.0,0.0,0.0,0.0,0.0,0.0,0.0,0.0,0.0,0.0,0.0,0.0,0.0,0.0,1.0,0.0,0.0,0.0,0.0,0.0,0.0,0.0,0.0,0.0,0.0,0.0,0.0,0.0,0.0,0.0,0.0,0.0,0.0,0.0,0.0,0.0,0.0,0.0,0.0,0.0,0.0,0.0,0.0,0.0,0.0,0.0,0.0,0.0,0.0,0.0,0.0,0.0,0.0,0.0,0.0,0.0
202109,0.0,0.0,1.0,0.0,0.0,0.0,0.0,0.0,0.0,0.08333333333333333,0.16666666666666666,0.25,0.3333333333333333,0.4166666666666667,0.5,0.5833333333333334,0.6666666666666666,0.75,0.8333333333333334,0.0,0.0,0.0,0.0,0.0,0.0,0.0,0.0,0.0,0.0,0.0,0.0,0.0,0.0,12.0,0.0,0.0,0.0,0.0,0.0,0.0,0.0,0.0,0.0,0.0,0.0,0.0,0.0,0.0,0.0,0.0,0.0,0.0,0.0,-1e-08,-2.5654632210061364e-08,-1.1888035860690259e-07,-1.2000000000000002e-07,-4.099058125255727e-08,-5.56956514302075e-08,-6.947048992011573e-08,-8.203468073398136e-08,-9.313245317896842e-08,-1.0253788861142992e-07,-1.1005951948899701e-07,-1.1554422709759472e-07,0.0,0.0,0.0,0.0,0.0,0.0,0.0,0.0,0.0,0.0,0.0,0.0,0.0,0.0,0.0,0.0,0.0,0.0,0.0,11.0,0.0,0.0,0.0,0.0,0.0,0.0,0.0,0.0,0.0,0.0,0.0,0.0,0.0,1.0,0.0,0.0,0.0,0.0,0.0,0.0,0.0,0.0,0.0,0.0,0.0,0.0,0.0,0.0,0.0,0.0,0.0,0.0,0.0,0.0,0.0,0.0,0.0,0.0,0.0,0.0,0.0,0.0,0.0,0.0,0.0,0.0,0.0,0.0,0.0,0.0,0.0,0.0,0.0,0.0,0.0
202110,0.0,0.0,1.0,0.0,0.0,0.0,0.0,0.0,0.0,0.08333333333333333,0.16666666666666666,0.25,0.3333333333333333,0.4166666666666667,0.5,0.5833333333333334,0.6666666666666666,0.75,0.8333333333333334,0.0,0.0,0.0,0.0,0.0,0.0,0.0,0.0,0.0,0.0,0.0,0.0,0.0,0.0,12.0,0.0,0.0,0.0,0.0,0.0,0.0,0.0,0.0,0.0,0.0,0.0,0.0,0.0,0.0,0.0,0.0,0.0,0.0,0.0,-1e-08,-2.5654632210061364e-08,-1.1888035860690259e-07,-1.2000000000000002e-07,-4.099058125255727e-08,-5.56956514302075e-08,-6.947048992011573e-08,-8.203468073398136e-08,-9.313245317896842e-08,-1.0253788861142992e-07,-1.1005951948899701e-07,-1.1554422709759472e-07,0.0,0.0,0.0,0.0,0.0,0.0,0.0,0.0,0.0,0.0,0.0,0.0,0.0,0.0,0.0,0.0,0.0,0.0,0.0,11.0,0.0,0.0,0.0,0.0,0.0,0.0,0.0,0.0,0.0,0.0,0.0,0.0,0.0,1.0,0.0,0.0,0.0,0.0,0.0,0.0,0.0,0.0,0.0,0.0,0.0,0.0,0.0,0.0,0.0,0.0,0.0,0.0,0.0,0.0,0.0,0.0,0.0,0.0,0.0,0.0,0.0,0.0,0.0,0.0,0.0,0.0,0.0,0.0,0.0,0.0,0.0,0.0,0.0,0.0,0.0
202111,0.0,0.0,1.0,0.0,0.0,0.0,0.0,0.0,0.0,0.08333333333333333,0.16666666666666666,0.25,0.3333333333333333,0.4166666666666667,0.5,0.5833333333333334,0.6666666666666666,0.75,0.8333333333333334,0.0,0.0,0.0,0.0,0.0,0.0,0.0,0.0,0.0,0.0,0.0,0.0,0.0,0.0,12.0,0.0,0.0,0.0,0.0,0.0,0.0,0.0,0.0,0.0,0.0,0.0,0.0,0.0,0.0,0.0,0.0,0.0,0.0,0.0,-1e-08,-2.5654632210061364e-08,-1.1888035860690259e-07,-1.2000000000000002e-07,-4.099058125255727e-08,-5.56956514302075e-08,-6.947048992011573e-08,-8.203468073398136e-08,-9.313245317896842e-08,-1.0253788861142992e-07,-1.1005951948899701e-07,-1.1554422709759472e-07,0.0,0.0,0.0,0.0,0.0,0.0,0.0,0.0,0.0,0.0,0.0,0.0,0.0,0.0,0.0,0.0,0.0,0.0,0.0,11.0,0.0,0.0,0.0,0.0,0.0,0.0,0.0,0.0,0.0,0.0,0.0,0.0,0.0,1.0,0.0,0.0,0.0,0.0,0.0,0.0,0.0,0.0,0.0,0.0,0.0,0.0,0.0,0.0,0.0,0.0,0.0,0.0,0.0,0.0,0.0,0.0,0.0,0.0,0.0,0.0,0.0,0.0,0.0,0.0,0.0,0.0,0.0,0.0,0.0,0.0,0.0,0.0,0.0,0.0,0.0
202112,0.0,0.0,1.0,0.0,0.0,0.0,0.0,0.0,0.0,0.08333333333333333,0.16666666666666666,0.25,0.3333333333333333,0.4166666666666667,0.5,0.5833333333333334,0.6666666666666666,0.75,0.8333333333333334,0.0,0.0,0.0,0.0,0.0,0.0,0.0,0.0,0.0,0.0,0.0,0.0,0.0,0.0,12.0,0.0,0.0,0.0,0.0,0.0,0.0,0.0,0.0,0.0,0.0,0.0,0.0,0.0,0.0,0.0,0.0,0.0,0.0,0.0,-1e-08,-2.5654632210061364e-08,-1.1888035860690259e-07,-1.2000000000000002e-07,-4.099058125255727e-08,-5.56956514302075e-08,-6.947048992011573e-08,-8.203468073398136e-08,-9.313245317896842e-08,-1.0253788861142992e-07,-1.1005951948899701e-07,-1.1554422709759472e-07,0.0,0.0,0.0,0.0,0.0,0.0,0.0,0.0,0.0,0.0,0.0,0.0,0.0,0.0,0.0,0.0,0.0,0.0,0.0,11.0,0.0,0.0,0.0,0.0,0.0,0.0,0.0,0.0,0.0,0.0,0.0,0.0,0.0,1.0,0.0,0.0,0.0,0.0,0.0,0.0,0.0,0.0,0.0,0.0,0.0,0.0,0.0,0.0,0.0,0.0,0.0,0.0,0.0,0.0,0.0,0.0,0.0,0.0,0.0,0.0,0.0,0.0,0.0,0.0,0.0,0.0,0.0,0.0,0.0,0.0,0.0,0.0,0.0,0.0,0.0
202201,0.0,0.0,1.0,0.0,0.0,0.0,0.0,0.0,0.0,0.08333333333333333,0.16666666666666666,0.25,0.3333333333333333,0.4166666666666667,0.5,0.5833333333333334,0.6666666666666666,0.75,0.8333333333333334,0.0,0.0,0.0,0.0,0.0,0.0,0.0,0.0,0.0,0.0,0.0,0.0,0.0,0.0,12.0,0.0,0.0,0.0,0.0,0.0,0.0,0.0,0.0,0.0,0.0,0.0,0.0,0.0,0.0,0.0,0.0,0.0,0.0,0.0,-1e-08,-2.5654632210061364e-08,-1.1888035860690259e-07,-1.2000000000000002e-07,-4.099058125255727e-08,-5.56956514302075e-08,-6.947048992011573e-08,-8.203468073398136e-08,-9.313245317896842e-08,-1.0253788861142992e-07,-1.1005951948899701e-07,-1.1554422709759472e-07,0.0,0.0,0.0,0.0,0.0,0.0,0.0,0.0,0.0,0.0,0.0,0.0,0.0,0.0,0.0,0.0,0.0,0.0,0.0,11.0,0.0,0.0,0.0,0.0,0.0,0.0,0.0,0.0,0.0,0.0,0.0,0.0,0.0,1.0,0.0,0.0,0.0,0.0,0.0,0.0,0.0,0.0,0.0,0.0,0.0,0.0,0.0,0.0,0.0,0.0,0.0,0.0,0.0,0.0,0.0,0.0,0.0,0.0,0.0,0.0,0.0,0.0,0.0,0.0,0.0,0.0,0.0,0.0,0.0,0.0,0.0,0.0,0.0,0.0,0.0
202202,0.0,0.0,1.0,0.0,0.0,0.0,0.0,0.0,0.0,0.08333333333333333,0.16666666666666666,0.25,0.3333333333333333,0.4166666666666667,0.5,0.5833333333333334,0.6666666666666666,0.75,0.8333333333333334,0.0,0.0,0.0,0.0,0.0,0.0,0.0,0.0,0.0,0.0,0.0,0.0,0.0,0.0,12.0,0.0,0.0,0.0,0.0,0.0,0.0,0.0,0.0,0.0,0.0,0.0,0.0,0.0,0.0,0.0,0.0,0.0,0.0,0.0,-1e-08,-2.5654632210061364e-08,-1.1888035860690259e-07,-1.2000000000000002e-07,-4.099058125255727e-08,-5.56956514302075e-08,-6.947048992011573e-08,-8.203468073398136e-08,-9.313245317896842e-08,-1.0253788861142992e-07,-1.1005951948899701e-07,-1.1554422709759472e-07,0.0,0.0,0.0,0.0,0.0,0.0,0.0,0.0,0.0,0.0,0.0,0.0,0.0,0.0,0.0,0.0,0.0,0.0,0.0,11.0,0.0,0.0,0.0,0.0,0.0,0.0,0.0,0.0,0.0,0.0,0.0,0.0,0.0,1.0,0.0,0.0,0.0,0.0,0.0,0.0,0.0,0.0,0.0,0.0,0.0,0.0,0.0,0.0,0.0,0.0,0.0,0.0,0.0,0.0,0.0,0.0,0.0,0.0,0.0,0.0,0.0,0.0,0.0,0.0,0.0,0.0,0.0,0.0,0.0,0.0,0.0,0.0,0.0,0.0,0.0
202203,0.0,0.0,1.0,0.0,0.0,0.0,0.0,0.0,0.0,0.08333333333333333,0.16666666666666666,0.25,0.3333333333333333,0.4166666666666667,0.5,0.5833333333333334,0.6666666666666666,0.75,0.8333333333333334,0.0,0.0,0.0,0.0,0.0,0.0,0.0,0.0,0.0,0.0,0.0,0.0,0.0,0.0,12.0,0.0,0.0,0.0,0.0,0.0,0.0,0.0,0.0,0.0,0.0,0.0,0.0,0.0,0.0,0.0,0.0,0.0,0.0,0.0,-1e-08,-2.5654632210061364e-08,-1.1888035860690259e-07,-1.2000000000000002e-07,-4.099058125255727e-08,-5.56956514302075e-08,-6.947048992011573e-08,-8.203468073398136e-08,-9.313245317896842e-08,-1.0253788861142992e-07,-1.1005951948899701e-07,-1.1554422709759472e-07,0.0,0.0,0.0,0.0,0.0,0.0,0.0,0.0,0.0,0.0,0.0,0.0,0.0,0.0,0.0,0.0,0.0,0.0,0.0,11.0,0.0,0.0,0.0,0.0,0.0,0.0,0.0,0.0,0.0,0.0,0.0,0.0,0.0,1.0,0.0,0.0,0.0,0.0,0.0,0.0,0.0,0.0,0.0,0.0,0.0,0.0,0.0,0.0,0.0,0.0,0.0,0.0,0.0,0.0,0.0,0.0,0.0,0.0,0.0,0.0,0.0,0.0,0.0,0.0,0.0,0.0,0.0,0.0,0.0,0.0,0.0,0.0,0.0,0.0,0.0
202204,0.0,0.0,1.0,0.0,0.0,0.0,0.0,0.0,0.0,0.08333333333333333,0.16666666666666666,0.25,0.3333333333333333,0.4166666666666667,0.5,0.5833333333333334,0.6666666666666666,0.75,0.8333333333333334,0.0,0.0,0.0,0.0,0.0,0.0,0.0,0.0,0.0,0.0,0.0,0.0,0.0,0.0,12.0,0.0,0.0,0.0,0.0,0.0,0.0,0.0,0.0,0.0,0.0,0.0,0.0,0.0,0.0,0.0,0.0,0.0,0.0,0.0,-1e-08,-2.5654632210061364e-08,-1.1888035860690259e-07,-1.2000000000000002e-07,-4.099058125255727e-08,-5.56956514302075e-08,-6.947048992011573e-08,-8.203468073398136e-08,-9.313245317896842e-08,-1.0253788861142992e-07,-1.1005951948899701e-07,-1.1554422709759472e-07,0.0,0.0,0.0,0.0,0.0,0.0,0.0,0.0,0.0,0.0,0.0,0.0,0.0,0.0,0.0,0.0,0.0,0.0,0.0,11.0,0.0,0.0,0.0,0.0,0.0,0.0,0.0,0.0,0.0,0.0,0.0,0.0,0.0,1.0,0.0,0.0,0.0,0.0,0.0,0.0,0.0,0.0,0.0,0.0,0.0,0.0,0.0,0.0,0.0,0.0,0.0,0.0,0.0,0.0,0.0,0.0,0.0,0.0,0.0,0.0,0.0,0.0,0.0,0.0,0.0,0.0,0.0,0.0,0.0,0.0,0.0,0.0,0.0,0.0,0.0
202205,0.0,0.0,1.0,0.0,0.0,0.0,0.0,0.0,0.0,0.08333333333333333,0.16666666666666666,0.25,0.3333333333333333,0.4166666666666667,0.5,0.5833333333333334,0.6666666666666666,0.75,0.8333333333333334,0.0,0.0,0.0,0.0,0.0,0.0,0.0,0.0,0.0,0.0,0.0,0.0,0.0,0.0,12.0,0.0,0.0,0.0,0.0,0.0,0.0,0.0,0.0,0.0,0.0,0.0,0.0,0.0,0.0,0.0,0.0,0.0,0.0,0.0,-1e-08,-2.5654632210061364e-08,-1.1888035860690259e-07,-1.2000000000000002e-07,-4.099058125255727e-08,-5.56956514302075e-08,-6.947048992011573e-08,-8.203468073398136e-08,-9.313245317896842e-08,-1.0253788861142992e-07,-1.1005951948899701e-07,-1.1554422709759472e-07,0.0,0.0,0.0,0.0,0.0,0.0,0.0,0.0,0.0,0.0,0.0,0.0,0.0,0.0,0.0,0.0,0.0,0.0,0.0,11.0,0.0,0.0,0.0,0.0,0.0,0.0,0.0,0.0,0.0,0.0,0.0,0.0,0.0,1.0,0.0,0.0,0.0,0.0,0.0,0.0,0.0,0.0,0.0,0.0,0.0,0.0,0.0,0.0,0.0,0.0,0.0,0.0,0.0,0.0,0.0,0.0,0.0,0.0,0.0,0.0,0.0,0.0,0.0,0.0,0.0,0.0,0.0,0.0,0.0,0.0,0.0,0.0,0.0,0.0,0.0
202206,0.0,0.0,1.0,0.0,0.0,0.0,0.0,0.0,0.0,0.08333333333333333,0.16666666666666666,0.25,0.3333333333333333,0.4166666666666667,0.5,0.5833333333333334,0.6666666666666666,0.75,0.8333333333333334,0.0,0.0,0.0,0.0,0.0,0.0,0.0,0.0,0.0,0.0,0.0,0.0,0.0,0.0,12.0,0.0,0.0,0.0,0.0,0.0,0.0,0.0,0.0,0.0,0.0,0.0,0.0,0.0,0.0,0.0,0.0,0.0,0.0,0.0,-1e-08,-2.5654632210061364e-08,-1.1888035860690259e-07,-1.2000000000000002e-07,-4.099058125255727e-08,-5.56956514302075e-08,-6.947048992011573e-08,-8.203468073398136e-08,-9.313245317896842e-08,-1.0253788861142992e-07,-1.1005951948899701e-07,-1.1554422709759472e-07,0.0,0.0,0.0,0.0,0.0,0.0,0.0,0.0,0.0,0.0,0.0,0.0,0.0,0.0,0.0,0.0,0.0,0.0,0.0,11.0,0.0,0.0,0.0,0.0,0.0,0.0,0.0,0.0,0.0,0.0,0.0,0.0,0.0,1.0,0.0,0.0,0.0,0.0,0.0,0.0,0.0,0.0,0.0,0.0,0.0,0.0,0.0,0.0,0.0,0.0,0.0,0.0,0.0,0.0,0.0,0.0,0.0,0.0,0.0,0.0,0.0,0.0,0.0,0.0,0.0,0.0,0.0,0.0,0.0,0.0,0.0,0.0,0.0,0.0,0.0
202207,0.0,0.0,1.0,0.0,0.0,0.0,0.0,0.0,0.0,0.08333333333333333,0.16666666666666666,0.25,0.3333333333333333,0.4166666666666667,0.5,0.5833333333333334,0.6666666666666666,0.75,0.8333333333333334,0.0,0.0,0.0,0.0,0.0,0.0,0.0,0.0,0.0,0.0,0.0,0.0,0.0,0.0,12.0,0.0,0.0,0.0,0.0,0.0,0.0,0.0,0.0,0.0,0.0,0.0,0.0,0.0,0.0,0.0,0.0,0.0,0.0,0.0,-1e-08,-2.5654632210061364e-08,-1.1888035860690259e-07,-1.2000000000000002e-07,-4.099058125255727e-08,-5.56956514302075e-08,-6.947048992011573e-08,-8.203468073398136e-08,-9.313245317896842e-08,-1.0253788861142992e-07,-1.1005951948899701e-07,-1.1554422709759472e-07,0.0,0.0,0.0,0.0,0.0,0.0,0.0,0.0,0.0,0.0,0.0,0.0,0.0,0.0,0.0,0.0,0.0,0.0,0.0,11.0,0.0,0.0,0.0,0.0,0.0,0.0,0.0,0.0,0.0,0.0,0.0,0.0,0.0,1.0,0.0,0.0,0.0,0.0,0.0,0.0,0.0,0.0,0.0,0.0,0.0,0.0,0.0,0.0,0.0,0.0,0.0,0.0,0.0,0.0,0.0,0.0,0.0,0.0,0.0,0.0,0.0,0.0,0.0,0.0,0.0,0.0,0.0,0.0,0.0,0.0,0.0,0.0,0.0,0.0,0.0
202208,0.0,0.0,1.0,0.0,0.0,0.0,0.0,0.0,0.0,0.08333333333333333,0.16666666666666666,0.25,0.3333333333333333,0.4166666666666667,0.5,0.5833333333333334,0.6666666666666666,0.75,0.8333333333333334,0.0,0.0,0.0,0.0,0.0,0.0,0.0,0.0,0.0,0.0,0.0,0.0,0.0,0.0,12.0,0.0,0.0,0.0,0.0,0.0,0.0,0.0,0.0,0.0,0.0,0.0,0.0,0.0,0.0,0.0,0.0,0.0,0.0,0.0,-1e-08,-2.5654632210061364e-08,-1.1888035860690259e-07,-1.2000000000000002e-07,-4.099058125255727e-08,-5.56956514302075e-08,-6.947048992011573e-08,-8.203468073398136e-08,-9.313245317896842e-08,-1.0253788861142992e-07,-1.1005951948899701e-07,-1.1554422709759472e-07,0.0,0.0,0.0,0.0,0.0,0.0,0.0,0.0,0.0,0.0,0.0,0.0,0.0,0.0,0.0,0.0,0.0,0.0,0.0,11.0,0.0,0.0,0.0,0.0,0.0,0.0,0.0,0.0,0.0,0.0,0.0,0.0,0.0,1.0,0.0,0.0,0.0,0.0,0.0,0.0,0.0,0.0,0.0,0.0,0.0,0.0,0.0,0.0,0.0,0.0,0.0,0.0,0.0,0.0,0.0,0.0,0.0,0.0,0.0,0.0,0.0,0.0,0.0,0.0,0.0,0.0,0.0,0.0,0.0,0.0,0.0,0.0,0.0,0.0,0.0
202209,0.0,0.0,1.0,0.0,0.0,0.0,0.0,0.0,0.0,0.08333333333333333,0.16666666666666666,0.25,0.3333333333333333,0.4166666666666667,0.5,0.5833333333333334,0.6666666666666666,0.75,0.8333333333333334,0.0,0.0,0.0,0.0,0.0,0.0,0.0,0.0,0.0,0.0,0.0,0.0,0.0,0.0,12.0,0.0,0.0,0.0,0.0,0.0,0.0,0.0,0.0,0.0,0.0,0.0,0.0,0.0,0.0,0.0,0.0,0.0,0.0,0.0,-1e-08,-2.5654632210061364e-08,-1.1888035860690259e-07,-1.2000000000000002e-07,-4.099058125255727e-08,-5.56956514302075e-08,-6.947048992011573e-08,-8.203468073398136e-08,-9.313245317896842e-08,-1.0253788861142992e-07,-1.1005951948899701e-07,-1.1554422709759472e-07,0.0,0.0,0.0,0.0,0.0,0.0,0.0,0.0,0.0,0.0,0.0,0.0,0.0,0.0,0.0,0.0,0.0,0.0,0.0,11.0,0.0,0.0,0.0,0.0,0.0,0.0,0.0,0.0,0.0,0.0,0.0,0.0,0.0,1.0,0.0,0.0,0.0,0.0,0.0,0.0,0.0,0.0,0.0,0.0,0.0,0.0,0.0,0.0,0.0,0.0,0.0,0.0,0.0,0.0,0.0,0.0,0.0,0.0,0.0,0.0,0.0,0.0,0.0,0.0,0.0,0.0,0.0,0.0,0.0,0.0,0.0,0.0,0.0,0.0,0.0
202210,0.0,0.0,1.0,0.0,0.0,0.0,0.0,0.0,0.0,0.08333333333333333,0.16666666666666666,0.25,0.3333333333333333,0.4166666666666667,0.5,0.5833333333333334,0.6666666666666666,0.75,0.8333333333333334,0.0,0.0,0.0,0.0,0.0,0.0,0.0,0.0,0.0,0.0,0.0,0.0,0.0,0.0,12.0,0.0,0.0,0.0,0.0,0.0,0.0,0.0,0.0,0.0,0.0,0.0,0.0,0.0,0.0,0.0,0.0,0.0,0.0,0.0,-1e-08,-2.5654632210061364e-08,-1.1888035860690259e-07,-1.2000000000000002e-07,-4.099058125255727e-08,-5.56956514302075e-08,-6.947048992011573e-08,-8.203468073398136e-08,-9.313245317896842e-08,-1.0253788861142992e-07,-1.1005951948899701e-07,-1.1554422709759472e-07,0.0,0.0,0.0,0.0,0.0,0.0,0.0,0.0,0.0,0.0,0.0,0.0,0.0,0.0,0.0,0.0,0.0,0.0,0.0,11.0,0.0,0.0,0.0,0.0,0.0,0.0,0.0,0.0,0.0,0.0,0.0,0.0,0.0,1.0,0.0,0.0,0.0,0.0,0.0,0.0,0.0,0.0,0.0,0.0,0.0,0.0,0.0,0.0,0.0,0.0,0.0,0.0,0.0,0.0,0.0,0.0,0.0,0.0,0.0,0.0,0.0,0.0,0.0,0.0,0.0,0.0,0.0,0.0,0.0,0.0,0.0,0.0,0.0,0.0,0.0
202211,0.0,0.0,1.0,0.0,0.0,0.0,0.0,0.0,0.0,0.08333333333333333,0.16666666666666666,0.25,0.3333333333333333,0.4166666666666667,0.5,0.5833333333333334,0.6666666666666666,0.75,0.8333333333333334,0.0,0.0,0.0,0.0,0.0,0.0,0.0,0.0,0.0,0.0,0.0,0.0,0.0,0.0,12.0,0.0,0.0,0.0,0.0,0.0,0.0,0.0,0.0,0.0,0.0,0.0,0.0,0.0,0.0,0.0,0.0,0.0,0.0,0.0,-1e-08,-2.5654632210061364e-08,-1.1888035860690259e-07,-1.2000000000000002e-07,-4.099058125255727e-08,-5.56956514302075e-08,-6.947048992011573e-08,-8.203468073398136e-08,-9.313245317896842e-08,-1.0253788861142992e-07,-1.1005951948899701e-07,-1.1554422709759472e-07,0.0,0.0,0.0,0.0,0.0,0.0,0.0,0.0,0.0,0.0,0.0,0.0,0.0,0.0,0.0,0.0,0.0,0.0,0.0,11.0,0.0,0.0,0.0,0.0,0.0,0.0,0.0,0.0,0.0,0.0,0.0,0.0,0.0,1.0,0.0,0.0,0.0,0.0,0.0,0.0,0.0,0.0,0.0,0.0,0.0,0.0,0.0,0.0,0.0,0.0,0.0,0.0,0.0,0.0,0.0,0.0,0.0,0.0,0.0,0.0,0.0,0.0,0.0,0.0,0.0,0.0,0.0,0.0,0.0,0.0,0.0,0.0,0.0,0.0,0.0
202212,0.0,0.0,1.0,0.0,0.0,0.0,0.0,0.0,0.0,0.08333333333333333,0.16666666666666666,0.25,0.3333333333333333,0.4166666666666667,0.5,0.5833333333333334,0.6666666666666666,0.75,0.8333333333333334,0.0,0.0,0.0,0.0,0.0,0.0,0.0,0.0,0.0,0.0,0.0,0.0,0.0,0.0,12.0,0.0,0.0,0.0,0.0,0.0,0.0,0.0,0.0,0.0,0.0,0.0,0.0,0.0,0.0,0.0,0.0,0.0,0.0,0.0,-1e-08,-2.5654632210061364e-08,-1.1888035860690259e-07,-1.2000000000000002e-07,-4.099058125255727e-08,-5.56956514302075e-08,-6.947048992011573e-08,-8.203468073398136e-08,-9.313245317896842e-08,-1.0253788861142992e-07,-1.1005951948899701e-07,-1.1554422709759472e-07,0.0,0.0,0.0,0.0,0.0,0.0,0.0,0.0,0.0,0.0,0.0,0.0,0.0,0.0,0.0,0.0,0.0,0.0,0.0,11.0,0.0,0.0,0.0,0.0,0.0,0.0,0.0,0.0,0.0,0.0,0.0,0.0,0.0,1.0,0.0,0.0,0.0,0.0,0.0,0.0,0.0,0.0,0.0,0.0,0.0,0.0,0.0,0.0,0.0,0.0,0.0,0.0,0.0,0.0,0.0,0.0,0.0,0.0,0.0,0.0,0.0,0.0,0.0,0.0,0.0,0.0,0.0,0.0,0.0,0.0,0.0,0.0,0.0,0.0,0.0
202301,0.0,0.0,1.0,0.0,0.0,0.0,0.0,0.0,0.0,0.08333333333333333,0.16666666666666666,0.25,0.3333333333333333,0.4166666666666667,0.5,0.5833333333333334,0.6666666666666666,0.75,0.8333333333333334,0.0,0.0,0.0,0.0,0.0,0.0,0.0,0.0,0.0,0.0,0.0,0.0,0.0,0.0,12.0,0.0,0.0,0.0,0.0,0.0,0.0,0.0,0.0,0.0,0.0,0.0,0.0,0.0,0.0,0.0,0.0,0.0,0.0,0.0,-1e-08,-2.5654632210061364e-08,-1.1888035860690259e-07,-1.2000000000000002e-07,-4.099058125255727e-08,-5.56956514302075e-08,-6.947048992011573e-08,-8.203468073398136e-08,-9.313245317896842e-08,-1.0253788861142992e-07,-1.1005951948899701e-07,-1.1554422709759472e-07,0.0,0.0,0.0,0.0,0.0,0.0,0.0,0.0,0.0,0.0,0.0,0.0,0.0,0.0,0.0,0.0,0.0,0.0,0.0,11.0,0.0,0.0,0.0,0.0,0.0,0.0,0.0,0.0,0.0,0.0,0.0,0.0,0.0,1.0,0.0,0.0,0.0,0.0,0.0,0.0,0.0,0.0,0.0,0.0,0.0,0.0,0.0,0.0,0.0,0.0,0.0,0.0,0.0,0.0,0.0,0.0,0.0,0.0,0.0,0.0,0.0,0.0,0.0,0.0,0.0,0.0,0.0,0.0,0.0,0.0,0.0,0.0,0.0,0.0,0.0
202302,0.0,0.0,1.0,0.0,0.0,0.0,0.0,0.0,0.0,0.08333333333333333,0.16666666666666666,0.25,0.3333333333333333,0.4166666666666667,0.5,0.5833333333333334,0.6666666666666666,0.75,0.8333333333333334,0.0,0.0,0.0,0.0,0.0,0.0,0.0,0.0,0.0,0.0,0.0,0.0,0.0,0.0,12.0,0.0,0.0,0.0,0.0,0.0,0.0,0.0,0.0,0.0,0.0,0.0,0.0,0.0,0.0,0.0,0.0,0.0,0.0,0.0,-1e-08,-2.5654632210061364e-08,-1.1888035860690259e-07,-1.2000000000000002e-07,-4.099058125255727e-08,-5.56956514302075e-08,-6.947048992011573e-08,-8.203468073398136e-08,-9.313245317896842e-08,-1.0253788861142992e-07,-1.1005951948899701e-07,-1.1554422709759472e-07,0.0,0.0,0.0,0.0,0.0,0.0,0.0,0.0,0.0,0.0,0.0,0.0,0.0,0.0,0.0,0.0,0.0,0.0,0.0,11.0,0.0,0.0,0.0,0.0,0.0,0.0,0.0,0.0,0.0,0.0,0.0,0.0,0.0,1.0,0.0,0.0,0.0,0.0,0.0,0.0,0.0,0.0,0.0,0.0,0.0,0.0,0.0,0.0,0.0,0.0,0.0,0.0,0.0,0.0,0.0,0.0,0.0,0.0,0.0,0.0,0.0,0.0,0.0,0.0,0.0,0.0,0.0,0.0,0.0,0.0,0.0,0.0,0.0,0.0,0.0
202303,0.0,0.0,1.0,0.0,0.0,0.0,0.0,0.0,0.0,0.08333333333333333,0.16666666666666666,0.25,0.3333333333333333,0.4166666666666667,0.5,0.5833333333333334,0.6666666666666666,0.75,0.8333333333333334,0.0,0.0,0.0,0.0,0.0,0.0,0.0,0.0,0.0,0.0,0.0,0.0,0.0,0.0,12.0,0.0,0.0,0.0,0.0,0.0,0.0,0.0,0.0,0.0,0.0,0.0,0.0,0.0,0.0,0.0,0.0,0.0,0.0,0.0,-1e-08,-2.5654632210061364e-08,-1.1888035860690259e-07,-1.2000000000000002e-07,-4.099058125255727e-08,-5.56956514302075e-08,-6.947048992011573e-08,-8.203468073398136e-08,-9.313245317896842e-08,-1.0253788861142992e-07,-1.1005951948899701e-07,-1.1554422709759472e-07,0.0,0.0,0.0,0.0,0.0,0.0,0.0,0.0,0.0,0.0,0.0,0.0,0.0,0.0,0.0,0.0,0.0,0.0,0.0,11.0,0.0,0.0,0.0,0.0,0.0,0.0,0.0,0.0,0.0,0.0,0.0,0.0,0.0,1.0,0.0,0.0,0.0,0.0,0.0,0.0,0.0,0.0,0.0,0.0,0.0,0.0,0.0,0.0,0.0,0.0,0.0,0.0,0.0,0.0,0.0,0.0,0.0,0.0,0.0,0.0,0.0,0.0,0.0,0.0,0.0,0.0,0.0,0.0,0.0,0.0,0.0,0.0,0.0,0.0,0.0
202304,0.0,0.0,1.0,0.0,0.0,0.0,0.0,0.0,0.0,0.08333333333333333,0.16666666666666666,0.25,0.3333333333333333,0.4166666666666667,0.5,0.5833333333333334,0.6666666666666666,0.75,0.8333333333333334,0.0,0.0,0.0,0.0,0.0,0.0,0.0,0.0,0.0,0.0,0.0,0.0,0.0,0.0,12.0,0.0,0.0,0.0,0.0,0.0,0.0,0.0,0.0,0.0,0.0,0.0,0.0,0.0,0.0,0.0,0.0,0.0,0.0,0.0,-1e-08,-2.5654632210061364e-08,-1.1888035860690259e-07,-1.2000000000000002e-07,-4.099058125255727e-08,-5.56956514302075e-08,-6.947048992011573e-08,-8.203468073398136e-08,-9.313245317896842e-08,-1.0253788861142992e-07,-1.1005951948899701e-07,-1.1554422709759472e-07,0.0,0.0,0.0,0.0,0.0,0.0,0.0,0.0,0.0,0.0,0.0,0.0,0.0,0.0,0.0,0.0,0.0,0.0,0.0,11.0,0.0,0.0,0.0,0.0,0.0,0.0,0.0,0.0,0.0,0.0,0.0,0.0,0.0,1.0,0.0,0.0,0.0,0.0,0.0,0.0,0.0,0.0,0.0,0.0,0.0,0.0,0.0,0.0,0.0,0.0,0.0,0.0,0.0,0.0,0.0,0.0,0.0,0.0,0.0,0.0,0.0,0.0,0.0,0.0,0.0,0.0,0.0,0.0,0.0,0.0,0.0,0.0,0.0,0.0,0.0
202305,0.0,0.0,1.0,0.0,0.0,0.0,0.0,0.0,0.0,0.08333333333333333,0.16666666666666666,0.25,0.3333333333333333,0.4166666666666667,0.5,0.5833333333333334,0.6666666666666666,0.75,0.8333333333333334,0.0,0.0,0.0,0.0,0.0,0.0,0.0,0.0,0.0,0.0,0.0,0.0,0.0,0.0,12.0,0.0,0.0,0.0,0.0,0.0,0.0,0.0,0.0,0.0,0.0,0.0,0.0,0.0,0.0,0.0,0.0,0.0,0.0,0.0,-1e-08,-2.5654632210061364e-08,-1.1888035860690259e-07,-1.2000000000000002e-07,-4.099058125255727e-08,-5.56956514302075e-08,-6.947048992011573e-08,-8.203468073398136e-08,-9.313245317896842e-08,-1.0253788861142992e-07,-1.1005951948899701e-07,-1.1554422709759472e-07,0.0,0.0,0.0,0.0,0.0,0.0,0.0,0.0,0.0,0.0,0.0,0.0,0.0,0.0,0.0,0.0,0.0,0.0,0.0,11.0,0.0,0.0,0.0,0.0,0.0,0.0,0.0,0.0,0.0,0.0,0.0,0.0,0.0,1.0,0.0,0.0,0.0,0.0,0.0,0.0,0.0,0.0,0.0,0.0,0.0,0.0,0.0,0.0,0.0,0.0,0.0,0.0,0.0,0.0,0.0,0.0,0.0,0.0,0.0,0.0,0.0,0.0,0.0,0.0,0.0,0.0,0.0,0.0,0.0,0.0,0.0,0.0,0.0,0.0,0.0
202306,0.0,0.0,1.0,0.0,0.0,0.0,0.0,0.0,0.0,0.08333333333333333,0.16666666666666666,0.25,0.3333333333333333,0.4166666666666667,0.5,0.5833333333333334,0.6666666666666666,0.75,0.8333333333333334,0.0,0.0,0.0,0.0,0.0,0.0,0.0,0.0,0.0,0.0,0.0,0.0,0.0,0.0,12.0,0.0,0.0,0.0,0.0,0.0,0.0,0.0,0.0,0.0,0.0,0.0,0.0,0.0,0.0,0.0,0.0,0.0,0.0,0.0,-1e-08,-2.5654632210061364e-08,-1.1888035860690259e-07,-1.2000000000000002e-07,-4.099058125255727e-08,-5.56956514302075e-08,-6.947048992011573e-08,-8.203468073398136e-08,-9.313245317896842e-08,-1.0253788861142992e-07,-1.1005951948899701e-07,-1.1554422709759472e-07,0.0,0.0,0.0,0.0,0.0,0.0,0.0,0.0,0.0,0.0,0.0,0.0,0.0,0.0,0.0,0.0,0.0,0.0,0.0,11.0,0.0,0.0,0.0,0.0,0.0,0.0,0.0,0.0,0.0,0.0,0.0,0.0,0.0,1.0,0.0,0.0,0.0,0.0,0.0,0.0,0.0,0.0,0.0,0.0,0.0,0.0,0.0,0.0,0.0,0.0,0.0,0.0,0.0,0.0,0.0,0.0,0.0,0.0,0.0,0.0,0.0,0.0,0.0,0.0,0.0,0.0,0.0,0.0,0.0,0.0,0.0,0.0,0.0,0.0,0.0
202307,0.0,0.0,1.0,0.0,0.0,0.0,0.0,0.0,0.0,0.08333333333333333,0.16666666666666666,0.25,0.3333333333333333,0.4166666666666667,0.5,0.5833333333333334,0.6666666666666666,0.75,0.8333333333333334,0.0,0.0,0.0,0.0,0.0,0.0,0.0,0.0,0.0,0.0,0.0,0.0,0.0,0.0,12.0,0.0,0.0,0.0,0.0,0.0,0.0,0.0,0.0,0.0,0.0,0.0,0.0,0.0,0.0,0.0,0.0,0.0,0.0,0.0,-1e-08,-2.5654632210061364e-08,-1.1888035860690259e-07,-1.2000000000000002e-07,-4.099058125255727e-08,-5.56956514302075e-08,-6.947048992011573e-08,-8.203468073398136e-08,-9.313245317896842e-08,-1.0253788861142992e-07,-1.1005951948899701e-07,-1.1554422709759472e-07,0.0,0.0,0.0,0.0,0.0,0.0,0.0,0.0,0.0,0.0,0.0,0.0,0.0,0.0,0.0,0.0,0.0,0.0,0.0,11.0,0.0,0.0,0.0,0.0,0.0,0.0,0.0,0.0,0.0,0.0,0.0,0.0,0.0,1.0,0.0,0.0,0.0,0.0,0.0,0.0,0.0,0.0,0.0,0.0,0.0,0.0,0.0,0.0,0.0,0.0,0.0,0.0,0.0,0.0,0.0,0.0,0.0,0.0,0.0,0.0,0.0,0.0,0.0,0.0,0.0,0.0,0.0,0.0,0.0,0.0,0.0,0.0,0.0,0.0,0.0
202308,0.0,0.0,1.0,0.0,0.0,0.0,0.0,0.0,0.0,0.08333333333333333,0.16666666666666666,0.25,0.3333333333333333,0.4166666666666667,0.5,0.5833333333333334,0.6666666666666666,0.75,0.8333333333333334,0.0,0.0,0.0,0.0,0.0,0.0,0.0,0.0,0.0,0.0,0.0,0.0,0.0,0.0,12.0,0.0,0.0,0.0,0.0,0.0,0.0,0.0,0.0,0.0,0.0,0.0,0.0,0.0,0.0,0.0,0.0,0.0,0.0,0.0,-1e-08,-2.5654632210061364e-08,-1.1888035860690259e-07,-1.2000000000000002e-07,-4.099058125255727e-08,-5.56956514302075e-08,-6.947048992011573e-08,-8.203468073398136e-08,-9.313245317896842e-08,-1.0253788861142992e-07,-1.1005951948899701e-07,-1.1554422709759472e-07,0.0,0.0,0.0,0.0,0.0,0.0,0.0,0.0,0.0,0.0,0.0,0.0,0.0,0.0,0.0,0.0,0.0,0.0,0.0,11.0,0.0,0.0,0.0,0.0,0.0,0.0,0.0,0.0,0.0,0.0,0.0,0.0,0.0,1.0,0.0,0.0,0.0,0.0,0.0,0.0,0.0,0.0,0.0,0.0,0.0,0.0,0.0,0.0,0.0,0.0,0.0,0.0,0.0,0.0,0.0,0.0,0.0,0.0,0.0,0.0,0.0,0.0,0.0,0.0,0.0,0.0,0.0,0.0,0.0,0.0,0.0,0.0,0.0,0.0,0.0
202309,0.0,0.0,1.0,0.0,0.0,0.0,0.0,0.0,0.0,0.08333333333333333,0.16666666666666666,0.25,0.3333333333333333,0.4166666666666667,0.5,0.5833333333333334,0.6666666666666666,0.75,0.8333333333333334,0.0,0.0,0.0,0.0,0.0,0.0,0.0,0.0,0.0,0.0,0.0,0.0,0.0,0.0,12.0,0.0,0.0,0.0,0.0,0.0,0.0,0.0,0.0,0.0,0.0,0.0,0.0,0.0,0.0,0.0,0.0,0.0,0.0,0.0,-1e-08,-2.5654632210061364e-08,-1.1888035860690259e-07,-1.2000000000000002e-07,-4.099058125255727e-08,-5.56956514302075e-08,-6.947048992011573e-08,-8.203468073398136e-08,-9.313245317896842e-08,-1.0253788861142992e-07,-1.1005951948899701e-07,-1.1554422709759472e-07,0.0,0.0,0.0,0.0,0.0,0.0,0.0,0.0,0.0,0.0,0.0,0.0,0.0,0.0,0.0,0.0,0.0,0.0,0.0,11.0,0.0,0.0,0.0,0.0,0.0,0.0,0.0,0.0,0.0,0.0,0.0,0.0,0.0,1.0,0.0,0.0,0.0,0.0,0.0,0.0,0.0,0.0,0.0,0.0,0.0,0.0,0.0,0.0,0.0,0.0,0.0,0.0,0.0,0.0,0.0,0.0,0.0,0.0,0.0,0.0,0.0,0.0,0.0,0.0,0.0,0.0,0.0,0.0,0.0,0.0,0.0,0.0,0.0,0.0,0.0
202310,0.0,0.0,1.0,0.0,0.0,0.0,0.0,0.0,0.0,0.08333333333333333,0.16666666666666666,0.25,0.3333333333333333,0.4166666666666667,0.5,0.5833333333333334,0.6666666666666666,0.75,0.8333333333333334,0.0,0.0,0.0,0.0,0.0,0.0,0.0,0.0,0.0,0.0,0.0,0.0,0.0,0.0,12.0,0.0,0.0,0.0,0.0,0.0,0.0,0.0,0.0,0.0,0.0,0.0,0.0,0.0,0.0,0.0,0.0,0.0,0.0,0.0,-1e-08,-2.5654632210061364e-08,-1.1888035860690259e-07,-1.2000000000000002e-07,-4.099058125255727e-08,-5.56956514302075e-08,-6.947048992011573e-08,-8.203468073398136e-08,-9.313245317896842e-08,-1.0253788861142992e-07,-1.1005951948899701e-07,-1.1554422709759472e-07,0.0,0.0,0.0,0.0,0.0,0.0,0.0,0.0,0.0,0.0,0.0,0.0,0.0,0.0,0.0,0.0,0.0,0.0,0.0,11.0,0.0,0.0,0.0,0.0,0.0,0.0,0.0,0.0,0.0,0.0,0.0,0.0,0.0,1.0,0.0,0.0,0.0,0.0,0.0,0.0,0.0,0.0,0.0,0.0,0.0,0.0,0.0,0.0,0.0,0.0,0.0,0.0,0.0,0.0,0.0,0.0,0.0,0.0,0.0,0.0,0.0,0.0,0.0,0.0,0.0,0.0,0.0,0.0,0.0,0.0,0.0,0.0,0.0,0.0,0.0
202311,0.0,0.0,1.0,0.0,0.0,0.0,0.0,0.0,0.0,0.08333333333333333,0.16666666666666666,0.25,0.3333333333333333,0.4166666666666667,0.5,0.5833333333333334,0.6666666666666666,0.75,0.8333333333333334,0.0,0.0,0.0,0.0,0.0,0.0,0.0,0.0,0.0,0.0,0.0,0.0,0.0,0.0,12.0,0.0,0.0,0.0,0.0,0.0,0.0,0.0,0.0,0.0,0.0,0.0,0.0,0.0,0.0,0.0,0.0,0.0,0.0,0.0,-1e-08,-2.5654632210061364e-08,-1.1888035860690259e-07,-1.2000000000000002e-07,-4.099058125255727e-08,-5.56956514302075e-08,-6.947048992011573e-08,-8.203468073398136e-08,-9.313245317896842e-08,-1.0253788861142992e-07,-1.1005951948899701e-07,-1.1554422709759472e-07,0.0,0.0,0.0,0.0,0.0,0.0,0.0,0.0,0.0,0.0,0.0,0.0,0.0,0.0,0.0,0.0,0.0,0.0,0.0,11.0,0.0,0.0,0.0,0.0,0.0,0.0,0.0,0.0,0.0,0.0,0.0,0.0,0.0,1.0,0.0,0.0,0.0,0.0,0.0,0.0,0.0,0.0,0.0,0.0,0.0,0.0,0.0,0.0,0.0,0.0,0.0,0.0,0.0,0.0,0.0,0.0,0.0,0.0,0.0,0.0,0.0,0.0,0.0,0.0,0.0,0.0,0.0,0.0,0.0,0.0,0.0,0.0,0.0,0.0,0.0
202312,0.0,0.0,1.0,0.0,0.0,0.0,0.0,0.0,0.0,0.08333333333333333,0.16666666666666666,0.25,0.3333333333333333,0.4166666666666667,0.5,0.5833333333333334,0.6666666666666666,0.75,0.8333333333333334,0.0,0.0,0.0,0.0,0.0,0.0,0.0,0.0,0.0,0.0,0.0,0.0,0.0,0.0,12.0,0.0,0.0,0.0,0.0,0.0,0.0,0.0,0.0,0.0,0.0,0.0,0.0,0.0,0.0,0.0,0.0,0.0,0.0,0.0,-1e-08,-2.5654632210061364e-08,-1.1888035860690259e-07,-1.2000000000000002e-07,-4.099058125255727e-08,-5.56956514302075e-08,-6.947048992011573e-08,-8.203468073398136e-08,-9.313245317896842e-08,-1.0253788861142992e-07,-1.1005951948899701e-07,-1.1554422709759472e-07,0.0,0.0,0.0,0.0,0.0,0.0,0.0,0.0,0.0,0.0,0.0,0.0,0.0,0.0,0.0,0.0,0.0,0.0,0.0,11.0,0.0,0.0,0.0,0.0,0.0,0.0,0.0,0.0,0.0,0.0,0.0,0.0,0.0,1.0,0.0,0.0,0.0,0.0,0.0,0.0,0.0,0.0,0.0,0.0,0.0,0.0,0.0,0.0,0.0,0.0,0.0,0.0,0.0,0.0,0.0,0.0,0.0,0.0,0.0,0.0,0.0,0.0,0.0,0.0,0.0,0.0,0.0,0.0,0.0,0.0,0.0,0.0,0.0,0.0,0.0
202401,0.0,0.0,1.0,0.0,0.0,0.0,0.0,0.0,0.0,0.08333333333333333,0.16666666666666666,0.25,0.3333333333333333,0.4166666666666667,0.5,0.5833333333333334,0.6666666666666666,0.75,0.8333333333333334,0.0,0.0,0.0,0.0,0.0,0.0,0.0,0.0,0.0,0.0,0.0,0.0,0.0,0.0,12.0,0.0,0.0,0.0,0.0,0.0,0.0,0.0,0.0,0.0,0.0,0.0,0.0,0.0,0.0,0.0,0.0,0.0,0.0,0.0,-1e-08,-2.5654632210061364e-08,-1.1888035860690259e-07,-1.2000000000000002e-07,-4.099058125255727e-08,-5.56956514302075e-08,-6.947048992011573e-08,-8.203468073398136e-08,-9.313245317896842e-08,-1.0253788861142992e-07,-1.1005951948899701e-07,-1.1554422709759472e-07,0.0,0.0,0.0,0.0,0.0,0.0,0.0,0.0,0.0,0.0,0.0,0.0,0.0,0.0,0.0,0.0,0.0,0.0,0.0,11.0,0.0,0.0,0.0,0.0,0.0,0.0,0.0,0.0,0.0,0.0,0.0,0.0,0.0,1.0,0.0,0.0,0.0,0.0,0.0,0.0,0.0,0.0,0.0,0.0,0.0,0.0,0.0,0.0,0.0,0.0,0.0,0.0,0.0,0.0,0.0,0.0,0.0,0.0,0.0,0.0,0.0,0.0,0.0,0.0,0.0,0.0,0.0,0.0,0.0,0.0,0.0,0.0,0.0,0.0,0.0
202402,0.0,0.0,1.0,0.0,0.0,0.0,0.0,0.0,0.0,0.08333333333333333,0.16666666666666666,0.25,0.3333333333333333,0.4166666666666667,0.5,0.5833333333333334,0.6666666666666666,0.75,0.8333333333333334,0.0,0.0,0.0,0.0,0.0,0.0,0.0,0.0,0.0,0.0,0.0,0.0,0.0,0.0,12.0,0.0,0.0,0.0,0.0,0.0,0.0,0.0,0.0,0.0,0.0,0.0,0.0,0.0,0.0,0.0,0.0,0.0,0.0,0.0,-1e-08,-2.5654632210061364e-08,-1.1888035860690259e-07,-1.2000000000000002e-07,-4.099058125255727e-08,-5.56956514302075e-08,-6.947048992011573e-08,-8.203468073398136e-08,-9.313245317896842e-08,-1.0253788861142992e-07,-1.1005951948899701e-07,-1.1554422709759472e-07,0.0,0.0,0.0,0.0,0.0,0.0,0.0,0.0,0.0,0.0,0.0,0.0,0.0,0.0,0.0,0.0,0.0,0.0,0.0,11.0,0.0,0.0,0.0,0.0,0.0,0.0,0.0,0.0,0.0,0.0,0.0,0.0,0.0,1.0,0.0,0.0,0.0,0.0,0.0,0.0,0.0,0.0,0.0,0.0,0.0,0.0,0.0,0.0,0.0,0.0,0.0,0.0,0.0,0.0,0.0,0.0,0.0,0.0,0.0,0.0,0.0,0.0,0.0,0.0,0.0,0.0,0.0,0.0,0.0,0.0,0.0,0.0,0.0,0.0,0.0
